0
0.149899329897016
0.127440369781107
0.129171390202828
0.10536102403421
0.197045489982702
0.157701006834395
0.149810640583746
0.168293747445568
0.154952890845016
0.148894661013037
0.157750468491577
0.183971814392135
0.105619486211799
0.179957136115991
0.134996707621031
0.124042321485467
0.146540212654509
0.158054885664023
0.124004268925637
0.118632428068668
0.169671553652734
0.19463491262868
0.145197779452428
0.124610675708391
0.119699953240342
0.182008391572163
0.171190233947709
0.144189794454724
0.108488080906682
0.122173096239567
0.11865107503254
0.148471818561666
0.137467796425335
0.170919630839489
0.153001969959587
0.141472067241557
0.128631364181638
0.158216971089132
0.103909418964759
0.14045328614302
0.145362446526997
0.170548642170615
0.188680072687566
0.198883505002595
0.100071530952118
0.177950092870742
0.174909213674255
0.141351202107035
0.185445131198503
0.129046941618435
0.158311641681939
0.190119115891866
0.149239956843667
0.17252044538036
0.191977021843195
0.162432481069118
0.151926394575275
0.128857776126824
0.100246590282768
0.196873512584716
0.177043359144591
0.163317867275327
0.189433685038239
0.129660942777991
0.180268544983119
0.114101656619459
0.169216794962995
0.184507990512066
0.167825148021802
0.170972640882246
0.164590139384381
0.196520314179361
0.171051996061578
0.187047968665138
0.190924513759092
0.107893744274043
0.111787858791649
0.178120802110061
0.149780794768594
0.118294639862143
0.167243525618687
0.156028602528386
0.180409258650616
0.131732158362865
0.109244429157116
0.146540850633755
0.126028678985313
0.161130234343
0.100395450228825
0.180920745781623
0.160098601924256
0.168621055805124
0.13766641584225
0.13665660857223
0.124872416001745
0.127766106976196
0.144370616343804
0.167644986044616
0.188869863306172
0.195015065767802
