0
0.0137212389963679
0.015728533633519
0.0190820778999478
0.0120168193103746
0.018983896849677
0.0194467526860535
0.0166079779248685
0.0162911404389888
0.0106178627046756
0.012059745748993
0.01176556752529
0.0168702284665778
0.0138410371821374
0.0176984141999856
0.0149769924208522
0.0171761850826442
0.0199190609483048
0.0138003517943434
0.0177744522131979
0.0193470523110591
0.0121214252128266
0.0165167376608588
0.0112555509596132
0.0126722066872753
0.0138611409254372
0.010133903331589
0.0138238795707002
0.0186969084572047
0.0134034899668768
0.0148208011547104
0.0159956582542509
0.0149354130704887
0.0118621760141104
0.0182737331860699
0.0166846673819236
0.0179423986072652
0.0110794362588786
0.0172371094604023
0.0141127442964353
0.0182094629411586
0.0164706019381993
0.0178293276228942
0.0155303631164134
0.0152971958019771
0.0178935623168945
0.0102333120233379
0.0147723006503657
0.017323137386702
0.0169273155648261
0.0147761962213553
0.018612094768323
0.0143809710722417
0.0124479727703147
0.0107067904714495
0.010994661601726
0.0131627170718275
0.0151863426319323
0.016620050764177
0.0140683018718846
0.0191287592425942
0.0129360337276012
0.0145906572625972
0.0133239467418753
0.0165087046707049
0.012580167807173
0.0147854524827562
0.0176631067064591
0.0108424691436812
0.0187532133003697
0.0133907293784432
0.0183944035018794
0.0134668348915875
0.0133377493079752
0.014763512450736
0.0189219833584502
0.0186433947063051
0.0138998954347335
0.0177732069883496
0.0196061799721792
0.0143465948477387
0.017125146787148
0.0139999436889775
0.0132535215187818
0.0175708714802749
0.0120269225514494
0.0171112122246996
0.0112169192102738
0.0124548851395957
0.0114330437942408
0.0123962941509672
0.0105893437727354
0.0164228825853206
0.0187626921269111
0.0177891467744485
0.0179730882588774
0.014552744536195
0.0141008408204652
0.0181087024277076
0.0160493329027668
0.0165472392807715
