255 0 0
255 15 0
255 30 0
255 45 0
255 61 0
255 76 0
255 91 0
255 106 0
255 121 0
255 136 0
255 151 0
255 167 0
255 182 0
255 197 0
255 212 0
255 227 0
255 242 0
252 255 0
237 255 0
222 255 0
207 255 0
192 255 0
177 255 0
162 255 0
146 255 0
131 255 0
116 255 0
101 255 0
86 255 0
71 255 0
56 255 0
40 255 0
25 255 0
10 255 0
0 255 5
0 255 20
0 255 35
0 255 50
0 255 66
0 255 81
0 255 96
0 255 111
0 255 126
0 255 141
0 255 157
0 255 172
0 255 187
0 255 202
0 255 217
0 255 232
0 255 247
0 247 255
0 232 255
0 217 255
0 202 255
0 187 255
0 172 255
0 157 255
0 141 255
0 126 255
0 111 255
0 96 255
0 81 255
0 66 255
0 50 255
0 35 255
0 20 255
0 5 255
10 0 255
25 0 255
40 0 255
56 0 255
71 0 255
86 0 255
101 0 255
116 0 255
131 0 255
146 0 255
162 0 255
177 0 255
192 0 255
207 0 255
222 0 255
237 0 255
252 0 255
255 0 242
255 0 227
255 0 212
255 0 197
255 0 182
255 0 167
255 0 151
255 0 136
255 0 121
255 0 106
255 0 91
255 0 76
255 0 61
255 0 45
255 0 30
255 0 15
