0
0.0137212389963679
0.015728533633519
0.0190820778999478
0.0120168193103746
0.018983896849677
0.0194467526860535
0.0166079779248685
0.0162911404389888
0.0106178627046756
0.012059745748993
0.01176556752529
0.0168702284665778
0.0138410371821374
0.0176984141999856
0.0149769924208522
0.0171761850826442
0.0199190609483048
0.0138003517943434
0.0177744522131979
0.0193470523110591
0.0121214252128266
0.0165167376608588
0.0112555509596132
0.0126722066872753
0.0138611409254372
0.010133903331589
0.0138238795707002
0.0186969084572047
0.0134034899668768
0.0148208011547104
0.0159956582542509
0.0149354130704887
0.0118621760141104
0.0182737331860699
0.0166846673819236
0.0179423986072652
0.0110794362588786
0.0172371094604023
0.0141127442964353
0.0182094629411586
0.0164706019381993
0.0178293276228942
0.0155303631164134
0.0152971958019771
0.0178935623168945
0.0102333120233379
0.0147723006503657
0.017323137386702
0.0169273155648261
0.0147761962213553
0.018612094768323
0.0143809710722417
0.0124479727703147
0.0107067904714495
0.010994661601726
0.0131627170718275
0.0151863426319323
0.016620050764177
0.0140683018718846
0.0191287592425942
0.0129360337276012
0.0145906572625972
0.0133239467418753
0.0165087046707049
0.012580167807173
0.0147854524827562
0.0176631067064591
0.0108424691436812
0.0187532133003697
0.0133907293784432
0.0183944035018794
0.0134668348915875
0.0133377493079752
0.014763512450736
0.0189219833584502
0.0186433947063051
0.0138998954347335
0.0177732069883496
0.0196061799721792
0.0143465948477387
0.017125146787148
0.0139999436889775
0.0132535215187818
0.0175708714802749
0.0120269225514494
0.0171112122246996
0.0112169192102738
0.0124548851395957
0.0114330437942408
0.0123962941509672
0.0105893437727354
0.0164228825853206
0.0187626921269111
0.0177891467744485
0.0179730882588774
0.014552744536195
0.0141008408204652
0.0181087024277076
0.0160493329027668
0.0165472392807715
0.0135319727193564
0.0127026014588773
0.0199268406117335
0.0163349326443858
0.0121320813521743
0.011293723480776
0.014781180343125
0.019240744698327
0.0159876096714288
0.0197617069492117
0.0173179251188412
0.013567269120831
0.0143147369055077
0.0114821156067774
0.0101307757548057
0.0171556606609374
0.011031842357479
0.0144628434861079
0.0164010104513727
0.0199183862004429
0.014955935778562
0.0148434952436946
0.0117344233486801
0.0175482094450854
0.0145389548921958
0.0151116978377104
0.0120754511328414
0.0122865814273246
0.0159571199631318
0.0157487219828181
0.0107706438028254
0.0103554057958536
0.0164279549219646
0.0192861519963481
0.0159809242235497
0.0156090074800886
0.0152602772391401
0.0198509522387758
0.0150764182233252
0.0168278807867318
0.0160154121764936
0.0123886867775582
0.0125816592667252
0.017293096233625
0.0145257083140314
0.0117512676841579
0.0174669826962054
0.0110498764039949
0.0186454494902864
0.0161464497167617
0.0155715953884646
0.0132877731905319
0.0145313144545071
0.0150044097262435
0.0118086636113003
0.0152963060280308
0.010752757457085
0.012777559326496
0.012126995192375
0.0128479048097506
0.0189509410294704
0.014462353233248
0.0177998488978483
0.018806190348696
0.0141312420950271
0.0106380848051049
0.0133548749168403
0.0172372594662011
0.0133761533349752
0.0163041412248276
0.0184061455400661
0.0185613166471012
0.0139135928102769
0.0138049388560466
0.0189544542599469
0.0164431576291099
0.0174107864871621
0.0160530344652943
0.0190308161149733
0.0129373015509918
0.0119126010988839
0.0188645094330423
0.0150333948573098
0.0187705754302442
0.0118919362244196
0.0175810305238701
0.0172449889266863
0.0194372481829487
0.0154764658701606
0.0171174386772327
0.0138890509982593
0.0110087312618271
0.0192730208858848
0.0128323250031099
0.0159057315881364
0.0111036060494371
0.0184050703211688
0.0131796368444338
0.0178285133698955
0.0126750820735469
0.0121864528488368
0.0151679683639668
0.0126895059202798
0.0118116832734086
0.0151857613748871
0.0156278293579817
0.0112915685446933
0.012563676040154
0.0171793527598493
0.0196140993642621
0.0110014084656723
0.0176322268950753
0.0194796635466628
0.0181863468838856
0.0130829233070835
0.0164957946049981
0.0195335545111448
0.0195373265002854
0.013399792034179
0.0126247411011718
0.0116545393317938
0.0132216805662028
0.0151012520655058
0.0192396847135387
0.0151095969835296
0.0125762126082554
0.0104646088695154
0.0141785625834018
0.018540015022736
0.0134723067772575
0.011314423205331
0.0137448686454445
0.0163142022839747
0.013900789336767
0.0168962784879841
0.016894134124741
0.0155490062315948
0.0142962440778501
0.014527200628072
0.0130644325888716
0.0157835394400172
0.0191037030424923
0.0114260408212431
0.0141504762531258
0.0121092575066723
0.0142875037086196
0.0113268997520208
0.0146009644586593
0.0194295705924742
0.0176197386160493
0.0193290982884355
0.014706784975715
0.0160358806769364
0.0148498968058266
0.0110880631650798
0.0124772683298215
0.014985145307146
0.013728667080868
0.0193469137023203
0.0152398607786745
0.0131714467168786
0.0127796602947637
0.0178754050773568
0.0170246251253411
0.0116502763866447
0.0106445753877051
0.0175470562162809
0.0162041003303602
0.0116957676666789
0.0106221405230463
0.0110902926861309
0.013817163517233
0.0116931091458537
0.0129865254205652
0.0119220953504555
0.0125717002130114
0.0118123182281852
0.0147731370967813
0.0177073704288341
0.0102778712240979
0.0152731077698991
0.0188031906890683
0.0137306337198243
0.0104795913165435
0.0113862824672833
0.0132149212039076
0.0115483161131851
0.0113222817215137
0.0122130592772737
0.0122638079617172
0.0113141653384082
0.0198156346031465
0.0132701372681186
0.0150693949707784
0.0168144251476042
0.0109916910319589
0.01118902558228
0.0105043965950608
0.0192925391974859
0.0167371223284863
0.0109485785546713
0.0149259612080641
0.0146155184064992
0.0137521653086878
0.0199109921953641
0.0117635071370751
0.0181343520851806
0.0106844663713127
0.0140044974675402
0.0114114432572387
0.0119330986239947
0.0184135171677917
0.0171991398837417
0.0126721208309755
0.0149500164482743
0.0108311389782466
0.0135388424061239
0.0196920880535617
0.0162471418967471
0.0166461824974976
0.0131248965649866
0.0140568961272948
0.0199607737152837
0.0185508235637099
0.0195354839600623
0.0181230509234592
0.0178218211582862
0.0126787812891416
0.0176215152954683
0.0198631158913486
0.0129360554902814
0.013993511069566
0.0181213152385317
0.0107715166918933
0.0136369680985808
0.0144259246718138
0.011567141325213
0.015822052701842
0.0197016217885539
0.0198949983343482
0.0117645203648135
0.0154213042440824
0.0138430389203131
0.0167616405081935
0.0126929377974011
0.0146925094234757
0.0117180008231662
0.0136918946239166
0.0172540527256206
0.0148614910431206
0.0106380246672779
0.0178454622998834
0.0141832163580693
0.0198101808479987
0.0128288395586424
0.0184788214950822
0.0108223923086189
0.0188645875058137
0.0147193073085509
0.0110910096345469
0.0133327798452228
0.0183741656923667
0.01276849841699
0.0158703514141962
0.0183673226973042
0.0107115402398631
0.0170277874334715
0.0169882453721948
0.0146396238100715
0.0143693111045286
0.0156217678776011
0.0192848322633654
0.0123046641424298
0.0122181375441141
0.0142021589330398
0.0133352080569603
0.0186480755032972
0.0117719453573227
0.0149331872863695
0.0142971336678602
0.0156426384299994
0.0165616231551394
0.0197855406277813
0.0123216114845127
0.0124081159615889
0.0179683608398773
0.0183167171501555
0.0111350770643912
0.0196331201633438
0.0114732289966196
0.0114362694276497
0.0192522993520834
0.0150703560258262
0.0115485101705417
0.0134830205212347
0.0165982102579437
0.0131177237443626
0.0135157340927981
0.0114784570690244
0.016588776090648
0.0118506996450014
0.0195437813689932
0.018978484920226
0.0194369705440477
0.0172369075124152
0.0137035706592724
0.0178101754025556
0.0101114950864576
0.0194030871219002
0.0199374922621064
0.013574057451915
0.0174763506348245
0.0179290902381763
0.0170585900638252
0.0147582503873855
0.0149465452600271
0.0130805244878866
0.0169501224625856
0.0182279330561869
0.0143471764074638
0.0151473265280947
0.0166301096766256
0.0114316658652388
0.0134448739374056
0.0140576358232647
0.0108531100582331
0.0193257192824967
0.0183838406670839
0.0187943329615518
0.0193571246764623
0.0107246063346975
0.0137875944050029
0.0153786492277868
0.011050501386635
0.0180168770556338
0.017396417458076
0.0105214901338331
0.0148216957319528
0.0192051784065552
0.0104152842890471
0.0129399179900065
0.015008504872676
0.016097489350941
0.0126424904959276
0.0142309860954992
0.0136656361632049
0.0194250532239676
0.0112372356513515
0.0107003267924301
0.0196431703795679
0.0144251010823064
0.0137027238029987
0.0117024358012713
0.010541904293932
0.0165782806929201
0.0157816191669554
0.0198710176395252
0.0160379240149632
0.0106494991877116
0.0116210908186622
0.0147539792046882
0.0100193283474073
0.0144145914306864
0.0126092973724008
0.0193841374549083
0.0171583328372799
0.0116308547835797
0.0147618801845238
0.0169025672296993
0.0146089517953806
0.0195514673832804
0.0171254012244754
0.0139714793325402
0.0111772061209194
0.0124011627305299
0.0186363056651317
0.014359764016699
0.0149786805198528
0.0169192767213099
0.0176031328178942
0.0115540122264065
0.0184945709304884
0.0194681781902909
0.0158841919037513
0.0150225081527606
0.0118977991770953
0.0100183685822412
0.0187757806223817
0.0113411133782938
0.010227412241511
0.019391367060598
0.0129294872283936
0.0116432657442056
0.0139910255582072
0.0145957541209646
0.0143403084855527
0.0151700982637703
0.0184624575264752
0.0105516428640112
0.0155417706118897
0.0168827523756772
0.0165805755369365
0.0166334272525273
0.0147223420254886
0.0196952816611156
0.0140219706273638
0.0184955210378394
0.0175664490740746
0.015326012193691
0.0187414966081269
0.0146711511560716
0.0100812845537439
0.0172776700463146
0.0171658947877586
0.0118742637103423
0.0164606727682985
0.0154197927983478
0.0133532075979747
0.0163790872320533
0.0182920106383972
0.0170897519844584
0.0134855035087094
0.0112832787493244
0.0138807848887518
0.0192817754833959
0.018043907713145
0.0175869680708274
0.0195724988891743
0.0199391387868673
0.0160644099465571
0.0102937716548331
0.0133644535788335
0.0127765808673576
0.0111719755013473
0.0104321825900115
0.0137030978570692
0.0133687830879353
0.0117365255346522
0.0162177327950485
0.0139784362749197
0.0195567576866597
0.0165334944310598
0.0132874371670187
0.0119714671350084
0.0111534232483245
0.0199596547870897
0.0137927672523074
0.015619880927261
0.0173271801765077
0.0187080555292778
0.0157217025966384
0.0101103607099503
0.0190631526126526
0.0177065363153815
0.0138250462338328
0.0109404588886537
0.0104965358390473
0.0182116231811233
0.0182932430435903
0.0165473287575878
0.011328278130386
0.0134180990117602
0.0173137157899328
0.0190729141607881
0.0169619699940085
0.0124157922226004
0.0164410722861066
0.0128075021365657
0.0195763652073219
0.0115839595673606
0.014183389917016
0.0125200979737565
0.0109439026773907
0.0182771776965819
0.0152530550374649
0.0166774762747809
0.0140827775979415
0.0184258990339004
0.0173730546794832
0.0134822440100834
0.0194893817743286
0.0164667918998748
0.0103527776687406
0.0159644845570438
0.0141531800152734
0.0107689703814685
0.0152804887923412
0.0196233330853283
0.0170874005113728
0.0155347570357844
0.0124295660899952
0.0177804252901115
0.0165194094344042
0.0183024570392445
0.0164855094742961
0.0147983579430729
0.0149506410560571
0.0137987259146757
0.0145048543717712
0.018142517504748
0.0192877722578123
0.0114748104522005
0.0174982166499831
0.0197565734968521
0.0197479246347211
0.0135062557016499
0.0139394905697554
0.0195095100905746
0.0110664831963368
0.0193476011650637
0.0134616209985688
0.0153306060587056
0.0153879429935478
0.0171471794974059
0.0140579050011002
0.0115278814127669
0.0134023276134394
0.0162665484752506
0.0105737267830409
0.0185166763979942
0.0121264534583315
0.0153946202783845
0.0113648758619092
0.0132486514048651
0.0162107629375532
0.0125598224857822
0.0163487579883076
0.0148567210696638
0.0193817691667937
0.018575015370734
0.0137088353768922
0.0131420182995498
0.0182853435981087
0.0145184151316062
0.0131587841222063
0.0109780853753909
0.010649005365558
0.0168945736647584
0.0166805060394108
0.0190454664779827
0.013016932704486
0.0193280870467424
0.0120198301738128
0.0179237875598483
0.0122463050880469
0.010307565710973
0.018620340412017
0.016851075051818
0.0194207490957342
0.0167585376044735
0.0184312014840543
0.0136189418495633
0.0139236588519998
0.0156768739758991
0.010951521336101
0.011937840715982
0.0158806639304385
0.0175150416814722
0.0186723878723569
0.0137179573718458
0.0179881454957649
0.0105831439257599
0.0162343570939265
0.0135664140665904
0.0158792793238536
0.0191378464200534
0.0119944218290038
0.0136908362386748
0.0167140832776204
0.0176814455073327
0.0152224827604368
0.018280750180129
0.0152709619468078
0.0150175482500345
0.0141997331986204
0.0136229828326032
0.011234289102722
0.0129816152947024
0.0127667648973875
0.0177022535563447
0.0177818130212836
0.011437872806564
0.0151552615058608
0.0159724048548378
0.0150584302400239
0.0138609963306226
0.0142609810084105
0.0101175973471254
0.0191933177039027
0.0107943969313055
0.0150737425475381
0.0182017161697149
0.015983954181429
0.0142415352608077
0.0155931027070619
0.0178909447207116
0.0116771525796503
0.0197045173007064
0.0147350309835747
0.0192974320589565
0.0190093927038834
0.0175088218785822
0.0167656877241097
0.0164801344578154
0.0107324686972424
0.0142355841840617
0.0153082436416298
0.0194270476233214
0.0171222455939278
0.0172449057549238
0.0147012861771509
0.0112028225581162
0.0178309767087921
0.0143815739708953
0.014314559798222
0.0102749787899666
0.0114656184287742
0.0142259515798651
0.0176713717426173
0.0100476644537412
0.0160359569150023
0.0190557726053521
0.0170666153193451
0.012625371592585
0.0185107621946372
0.0133360551507212
0.0157828426756896
0.0143277313024737
0.0105159532302059
0.0172980328788981
0.015481704142876
0.0175122198555619
0.0105077116470784
0.017149662123993
0.0129769445676357
0.0128347720974125
0.0182987712742761
0.0108639537519775
0.0104265711898915
0.0134874080889858
0.015423360101413
0.016094608635176
0.0127137209847569
0.0120523093198426
0.0138163214828819
0.0147255811537616
0.0183551794989035
0.0112147149629891
0.016758081249427
0.0149668521992862
0.0190223774779588
0.0155126396683045
0.0112856467650272
0.0144200978567824
0.0119229769636877
0.014349006221164
0.0122513340297155
0.0196109628211707
0.0144842746504582
0.0177714498527348
0.011582197744865
0.0186680858256295
0.0120614560577087
0.0117794968304224
0.0116489114635624
0.0156526897731237
0.0172718102112412
0.0187591898906976
0.017084243837744
0.0147746321093291
0.0182027999358252
0.0101661221077666
0.0199611110123806
0.0163489483576268
0.0142847538087517
0.0102839293284342
0.0175333270058036
0.0120863397535868
0.0199945540516637
0.019072491931729
0.0171246503177099
0.0173093288391829
0.0147248792112805
0.0186251068697311
0.0116541512240656
0.0162042792560533
0.0129233139497228
0.0145614173379727
0.0104563920898363
0.0117766175209545
0.0105793206789531
0.0194441023352556
0.0134274347429164
0.0151795057067648
0.0162524533527903
0.0123726485366933
0.0151612391439267
0.0180654182774015
0.0134826473449357
0.0185868745297194
0.0103443876118399
0.0197099714586511
0.0174511013622396
0.0127325524180196
0.0167710610153154
0.0134794746804982
0.0194702052162029
0.0133862377493642
0.0103171320399269
0.0135358579759486
0.0138712358777411
0.0135694716009311
0.0195996860601008
0.0138373820483685
0.0154633762105368
0.0192532347585075
0.019168595271185
0.0124273299286142
0.017170908388216
0.0134894603583962
0.015542833507061
0.0174297241307795
0.0181969831860624
0.018696572650224
0.0103586513432674
0.0122002440341748
0.013669732096605
0.0130569644202478
0.0172783045750111
0.0169972876622342
0.0191006092680618
0.0184560260968283
0.0177854464016855
0.0140084342821501
0.0157680465886369
0.010763594461605
0.0187297485070303
0.0195628573559225
0.0150553107983433
0.0192436636378989
0.0113451353274286
0.0123873700317927
0.0148996262205765
0.0147406009677798
0.0143499415903352
0.0103924896009266
0.016443310151808
0.0171556720021181
0.0135166672128253
0.0194655674882233
0.0174310650723055
0.0105078592034988
0.0198036478087306
0.0121782245254144
0.010361960020382
0.012607038654387
0.017204157859087
0.0124789418117143
0.0123491579154506
0.010210118428804
0.0126462062774226
0.0169180161948316
0.010346693911124
0.0106278612953611
0.0139770609186962
0.0149002842488699
0.0163104874757119
0.0172340431227349
0.0107676579244435
0.0142144608055241
0.019737266858574
0.0181380578340031
0.0122376772295684
0.0148974230582826
0.0101134019298479
0.0125860229693353
0.0145459877187386
0.0174097668821923
0.0199066001176834
0.0133220494608395
0.0194479140546173
0.0196185341989622
0.0189927749964409
0.0149271583510563
0.0178493547788821
0.0180311904707924
0.0167776762368158
0.0158127757860348
0.013306680873502
0.0100131465657614
0.0106580196414143
0.0108595191733912
0.010131097168196
0.0133574562426656
0.0111926431651227
0.0159359544538893
0.0103731267573312
0.0100957179185934
0.011615961259231
0.0183189898822457
0.017668427543249
0.0127278031641617
0.0118816329888068
0.0122576183476485
0.0106197036756203
0.0105990024097264
0.0114815587038174
0.0107298788591288
0.0104288589186035
0.0152246127231047
0.0178923148941249
0.0169475334812887
0.0106657604733482
0.0101795774651691
0.0144215842336416
0.0115760208317079
0.0171886011585593
0.0170394183252938
0.0188522630487569
0.0132526101521216
0.0197088156663813
0.0198482026625425
0.010391847176943
0.0189357128809206
0.0182239915127866
0.0172424469282851
0.0128892013779841
0.0150194860459305
0.0142834700131789
0.0161001601605676
0.0192611317406408
0.0124012325773947
0.0127188183390535
0.0173500364646316
0.0175154587300494
0.0193059192085639
0.0146273027476855
0.0186069117672741
0.0131203641952015
0.0120803901343606
0.0192082746722735
0.0105273688421585
0.0141115543106571
0.0145634121517651
0.0141586024756543
0.0167035345174372
0.0175690408004448
0.0191165131446905
0.0181995208584704
0.0109364985255525
0.0117790608131327
0.016422145802062
0.0187428299384192
0.0159231335041113
0.0126243219221942
0.0188375226408243
0.0118768934626132
0.0148886698228307
0.0100982048711739
0.0136043404322118
0.0144216169090942
0.0112572922138497
0.016243645476643
0.0130243133171462
0.0123963722819462
0.0135862976359203
0.0189291041251272
0.0199062726506963
0.0173242119746283
0.0199278808827512
0.0153978936211206
0.0143380176182836
0.0196467367419973
0.0114831964322366
0.0106649305578321
0.0102425148803741
0.0161242324183695
0.0169660874805413
0.0180114188720472
0.0113773028389551
0.0115978482272476
0.0198883359297179
0.0139864569553174
0.0118791181617416
0.0147772824112326
0.0154423402273096
0.013281579806935
0.0199993059365079
0.0152778183599003
0.0113373450818472
0.0143854006775655
0.0162079393980093
0.0120291241211817
0.01134169772733
0.0177683399803936
0.0163594984868541
0.0128213629662059
0.0119125945609994
0.0126553671993315
0.015308087929152
