0
0.113081921637058
0.145499836769886
0.12669603228569
0.180568712973036
0.110397069901228
0.165191022516228
0.165224045701325
0.118840525276028
0.111372149153613
0.139392540720291
0.155084302416071
0.160018323734403
0.182893098145723
0.171453056903556
0.15684374733828
0.150925876246765
0.169718036125414
0.13387460084632
0.10882000150159
0.140446384926327
0.105484183458611
0.118174517364241
0.124750793492422
0.114337368868291
0.19591513494961
0.103915315424092
0.195017210510559
0.134149714396335
0.103296321025118
0.124307213700376
0.192810401367024
0.155696578184143
0.126873634429649
0.15493959216401
0.153624427039176
0.180443090875633
0.158448013220914
0.142483580601402
0.110465928562917
0.145567227876745
0.121324398554862
0.192275778274052
0.11746514942497
0.171362780663185
0.179198272479698
0.180845068162307
0.138799013965763
0.12931475774385
0.159579686145298
0.159643542906269
0.121830831118859
0.108417873829603
0.164255302282982
0.197283124318346
0.185970476921648
0.100112756667659
0.15634098360315
0.111365693877451
0.1832330618985
0.121562526910566
0.146823754440993
0.182363353273831
0.18158462587744
0.180353685142472
0.115692123887129
0.175588479731232
0.131041697273031
0.133985927142203
0.138932282431051
0.11808753174264
0.179437050363049
0.187436609296128
0.146239916025661
0.17526154150255
0.100540890544653
0.194515059585683
0.164818585058674
0.18795083835721
0.176510549685918
0.171809374471195
0.14601962598972
0.108374501042999
0.10280479688663
0.17534186183475
0.125945947878063
0.196855006250553
0.173062993399799
0.121951179276221
0.100044558034278
0.101356367231347
0.11464764138218
0.188068420696072
0.198883766098879
0.128392721712589
0.132191021717153
0.141542481980287
0.164273993554525
0.164716915693134
0.163134369230829
0.158469399670139
0.150516832433641
0.148980691074394
0.139928809390403
0.198438142170198
0.148422823660076
0.170758587308228
0.116643045283854
0.129434780031443
0.19321874724701
0.108757651527412
0.126070225425065
0.142739455774426
0.176961379987188
0.181173509219661
0.155867008003406
0.169055331987329
0.187061029463075
0.147581070219167
0.111737620714121
0.129329282557592
0.144515776913613
0.103579616546631
0.179281675652601
0.157797674019821
0.134570931550115
0.140984264924191
0.143003108073026
0.100211441959254
0.106863487651572
0.121054040384479
0.195069762784988
0.111421864829026
0.104410549183376
0.136170014343224
0.118104524095543
0.134443762036972
0.184474216075614
0.195775050460361
0.156794405798428
0.199149978277273
0.117823076155037
0.169621773413382
0.124152092379518
0.174863169924356
0.14493164930027
0.17812191916164
0.103207829874009
0.129776293528266
0.120445336843841
0.184246235177852
0.150264174328186
0.119276258605532
0.151104616350494
0.16925051487051
0.199586039036512
0.170177003066055
0.122933059930801
0.183339638169855
0.184577432647347
0.124230925342999
0.162493071146309
0.19733163760975
0.12220345037058
0.189568034186959
0.196596611104906
0.154771576705389
0.176625595614314
0.197476111911237
0.131600532890297
0.123192940815352
0.179111225879751
0.116821047244594
0.180899753165431
0.112115512602031
0.169430298358202
0.154057886986993
0.118677672813646
0.13657934977673
0.149382779560983
0.186867026705295
0.131480959546752
0.178371308394708
0.161417956324294
0.194930087774992
0.161662301258184
0.149436793662608
0.120281486515887
0.187896570493467
0.135783860785887
0.158839668589644
0.142775655607693
0.147929229214787
0.103566056187265
0.151654758909717
0.127969779935665
0.188610976538621
0.187728534918278
0.159681538958102
0.101512975618243
0.179042301373556
0.163779820338823
0.199740220722742
0.169832619139925
0.194064615597017
0.123948707920499
0.138863285793923
0.128764759399928
0.161823653173633
0.128020077175461
0.126295766560361
0.157684954069555
0.114985077502206
0.185306170559488
0.147068531648256
0.107352085784078
0.148648733482696
0.108092514472082
0.146186851034872
0.184877036279067
0.113508453010581
0.179534612502903
0.198476353799924
0.191082065668888
0.156514396169223
0.117348817083985
0.187956636538729
0.166867505363189
0.192948421905749
0.181205751816742
0.116129917395301
0.164493187400512
0.180373189272359
0.185085539333522
0.141678434703499
0.185479954420589
0.158982418989763
0.182969048479572
0.18234236179851
0.159438438015059
0.138684216351248
0.113028056640178
0.14122291628737
0.1474215477705
0.163181988685392
0.101200428698212
0.108903624280356
0.158233237010427
0.187717463588342
0.145339347375557
0.13293969000224
0.1485537055647
0.136136803636327
0.191237463173456
0.143365067825653
0.175120813120157
0.105897472728975
0.12269871593453
0.106596216117032
0.142268451419659
0.118260711873882
0.115160404122435
0.111032376694493
0.137277723103762
0.178155607380904
0.166127161425538
0.158781860279851
0.160893142432906
0.103728441242129
0.18916667199228
0.155222520814277
0.194780450733379
0.109075644402765
0.161069108359516
0.17257706830278
0.104799832194112
0.185221307491884
0.156870762864128
0.165604659565724
0.175182032235898
0.145574348629452
0.165151852718554
0.107466413476504
0.195720978849567
0.16531292758882
0.160277294646949
0.15452773924917
0.195080240210518
0.117757493071258
0.123432503035292
0.184455347550102
0.197633806429803
0.150509998062626
0.153632600186393
0.111696448270231
0.186919495952316
0.18313324386254
0.117554807267152
0.158611076883972
0.127933364501223
0.199686700617895
0.127767428313382
0.174614861514419
0.196584691596217
0.11497165071778
0.135483110556379
0.187446695310064
0.187519979919307
0.173563621100038
0.198249378381297
0.148945466149598
0.153095848090015
0.125934055470862
0.115175186586566
0.111318696616218
0.120569392619655
0.177019531955011
0.119813472125679
0.187925792322494
0.110419508256018
0.119983395608142
0.155732208164409
0.143642887892202
0.180660995375365
0.194935382320546
0.103592397365719
0.173876934242435
0.175203138939105
0.154129556147382
0.169636522070505
0.117757867299952
0.198826453392394
0.180142538738437
0.146296912385151
0.139482917683199
0.108969025267288
0.1013108715415
0.160538448882289
0.120120802940801
0.168272357503884
0.191565844393335
0.196476948750205
0.100015823775902
0.125395050900988
0.167945585283451
0.116635359008797
0.119952315348201
0.148229534644634
0.160812875605188
0.161364147649147
0.114558108872734
0.120311538525857
0.150016227317974
0.118492547306232
0.158016835828312
0.174163948884234
0.143945987545885
0.132211259030737
0.184636912518181
0.157898710062727
0.192091835197061
0.133534363703802
0.100826392136514
0.156309022079222
0.139408998121507
0.105775828333572
0.193773170793429
0.12350678476505
0.198792012850754
0.180383622529916
0.192269052844495
0.12754927801434
0.101198902097531
0.133567165234126
0.18090572336223
0.112397648510523
0.100774643570185
0.136478299531154
0.107122819544747
0.195553997135721
0.178451842186041
0.169342905143276
0.112657025037333
0.108128518844023
0.130468430253677
0.104576603323221
0.140487055154517
0.155617856350727
0.133316073310562
0.175107754161581
0.14856110047549
0.193120936932974
0.19094991942402
0.107676000101492
0.101904753409326
0.191730057494715
0.153388558817096
0.171009635203518
0.135839649499394
0.181607504351996
0.173953942349181
0.111892662360333
0.197480761189945
0.13860240788199
0.132382260169834
0.179247613367625
0.146975146606565
0.106476941378787
0.113027203734964
0.128958780993708
0.102936236700043
0.186940173944458
0.139227268751711
0.14399341174867
0.19454723817762
0.15534321917221
0.180003758519888
0.127314137527719
0.149728948599659
0.154358915472403
0.18483694025781
0.111298254970461
0.113445710996166
0.179530314751901
0.185540974256583
0.121880349819548
0.108111288957298
0.141612539812922
0.11831912859343
0.190207482222468
0.166766688460484
0.152078523742966
0.169392516231164
0.149813012545928
0.155485041020438
0.121329756546766
0.187993779592216
0.175574776344001
0.132256826432422
0.106812785379589
0.153331550606526
0.131601316737942
0.128940173983574
0.127141744457185
0.191004409338348
0.162702902033925
0.103216298599727
0.185063085239381
0.127069799392484
0.160981006058864
0.153520973166451
0.123048060596921
0.160684851394035
0.127886291523464
0.127103521442041
0.160811445210129
0.152819159813225
0.157919549592771
0.119939548010007
0.169134312984534
0.189226765488274
0.175127984699793
0.151208252599463
0.128683201479726
0.124614514852874
0.154011630779132
0.159715298935771
0.12395378742367
0.197828519367613
0.154646730888635
0.197339600115083
0.162303536036052
0.120667141140439
0.105413463455625
0.145454764692113
0.153896804060787
0.10333276160527
0.164429936255328
0.119464039802551
0.161440613633022
0.171840858738869
0.140827269293368
0.154325967980549
0.162370444904082
0.173388374620117
0.105854398407973
0.173485507862642
0.123445904487744
0.134771230374463
0.136782914493233
0.10658233310096
0.184091648645699
0.181479570199735
0.170408397773281
0.197761773434468
0.120115088741295
0.158736818167381
0.192436038609594
0.198164448048919
0.197891281940974
0.128387876763009
0.121233413508162
0.157433854578994
0.129515229887329
0.162379313493147
0.181816238141619
0.199949160520919
0.105024132016115
0.152158441673964
0.13543009608984
0.186772263655439
0.162415859592147
0.127159885084257
0.159933232306503
0.161600039131008
0.101854569022544
0.151172998710535
0.186267443187535
0.114509541215375
0.162907105335034
0.128037532791495
0.170006224722601
0.167062588827685
0.148372190841474
0.189732703263871
0.16070322021842
0.10808755767066
0.15562086571008
0.172318902751431
0.195850349031389
0.104686162550934
0.163341896422207
0.17473103387747
0.178238428314216
0.164857773995027
0.167157454020344
0.111890395404771
0.133430912671611
0.136642816732638
0.107056940812618
0.199569041072391
0.164535887981765
0.168225637916476
0.175556024769321
0.155844827694818
0.123424363834783
0.161233422206715
0.114199555106461
0.156637516943738
0.127487991284579
0.102919249166735
0.116428535594605
0.106882934668101
0.128721069497988
0.163859347719699
0.102362353401259
0.111462496360764
0.150037383777089
0.106687059020624
0.127897788002156
0.167434545140713
0.19234100652393
0.102399500459433
0.129017139156349
0.12492566879373
0.13528689884115
0.147835290268995
0.17004376554396
0.197695974563248
0.189174289978109
0.180919192079455
0.145742199430242
0.120447004074231
0.196014466695487
0.101932191057131
0.152439731359482
0.117774795205332
0.134549530828372
0.126068803342059
0.154096991848201
0.183964972617105
0.107642695214599
0.169161099288613
0.188056489010341
0.102351562934928
0.195628718379885
0.162977391341701
0.127297594561242
0.143796557327732
0.136449684062973
0.186690414906479
0.179949824232608
0.168510226765648
0.198068575304933
0.105337796616368
0.184417491778731
0.158894120855257
0.161911162454635
0.135005764011294
0.178476603375748
0.193822671636008
0.172249726671726
0.165091993915848
0.16870760906022
0.175248794350773
0.187490061065182
0.188816184876487
0.194134839391336
0.103267544228584
0.153768664132804
0.166595561220311
0.132274564728141
0.172020111931488
0.128149795904756
0.123347501503304
0.18455754800234
0.13052603949327
0.158803256973624
0.171137398481369
0.194184213224798
0.155046991934069
0.121838346938603
0.197022216953337
0.107768677966669
0.163762405933812
0.19740681303665
0.190424602665007
0.167543754191138
0.120620713452809
0.192902507120743
0.12103848613333
0.182742447778583
0.176154128601775
0.19015883624088
0.148544115317054
0.115665862546302
0.18770527865272
0.139047506987117
0.13516927480232
0.171038334676996
0.103185822605155
0.180285607837141
0.154474129411392
0.180961509537883
0.110294713475741
0.194571947096847
0.15355452185031
0.104448892874643
0.13048366480507
0.146618953347206
0.116748042893596
0.111620720406063
0.163036687090062
0.166169720888138
0.124581584730186
0.109497002745047
0.185943161672913
0.146570148412138
0.123149105836637
0.130312710488215
0.164975449442863
0.178495581494644
0.144421803671867
0.185718457167968
0.168192238453776
0.178744948771782
0.19985789952334
0.122274259547703
0.132040119799785
0.103907060832717
0.164619523449801
0.187468355405144
0.177990842307918
0.109288167674094
0.162370779784396
0.178649312094785
0.198246491653845
0.182881712145172
0.181475405581295
0.127679640403949
0.189919379469939
0.152670084522106
0.127616817760281
0.161902184179053
0.193668480729684
0.167717160703614
0.120676616718993
0.120439491909929
0.147496725316159
0.147967702941969
0.168962096981704
0.135614697751589
0.195927242562175
0.170600245962851
0.172366094682366
0.170836976659484
0.167146675963886
0.189449346810579
0.1083376721479
0.178867140505463
0.182050408213399
0.112214241828769
0.16877912976779
0.117891815700568
0.197891425876878
0.107981363334693
0.171124104759656
0.192763203708455
0.189958355063573
0.152964135375805
0.108960496820509
0.138510279823095
0.128943664906546
0.100127826700918
0.124099175399169
0.135886668437161
0.127924989140593
0.187038618326187
0.142548654810525
0.121550447656773
0.136706537101418
0.199346557306126
0.101997548132204
0.143617818667553
0.178609322477132
0.192220454965718
0.189899578411132
0.144374741334468
0.184271457511932
0.18907792114187
0.119146469119005
0.1517076440854
0.139078268175945
0.155884198774584
0.140214868704788
0.161087371781468
0.161753125186078
0.140796637604944
0.124240438849665
0.125663348101079
0.134113539708778
0.14122386793606
0.115711249993183
0.141582588735037
0.192600889620371
0.145605497388169
0.144901589606889
0.179955492028967
0.152657856047153
0.152887877030298
0.13077383833006
0.162429189565592
0.187870266591199
0.107152664219029
0.127677155658603
0.185776036861353
0.179769976669922
0.103974543605
0.158905209554359
0.135298279416747
0.154728259705007
0.192783244373277
0.114892618753947
0.153987578931265
0.107950182794593
0.135934495320544
0.128245985740796
0.154381483839825
0.110932532814331
0.192107032355852
0.173172829952091
0.187354299775325
0.165054739522748
0.184732477762736
0.126286362600513
0.173545641032979
0.157536285114475
0.152682624896988
0.143483895761892
0.1733383721672
0.198006376996636
0.146913996338844
0.12767290037591
0.124467016360722
0.197532656276599
0.11476343285758
0.127225730591454
0.168329124106094
0.144751100405119
0.135461702942848
0.138370125647634
0.189572076266632
0.138536015152931
0.115199328190647
0.125961867696606
0.146327741863206
0.140319859469309
0.196165214921348
0.159625509800389
0.13127338218037
0.173561745230109
0.186879642657004
0.128632647264749
0.146367177809589
0.170556366653182
0.196993065136485
0.143274762993678
0.162297990173101
0.15104390354827
0.159228893602267
0.114997096452862
0.176629147632048
0.110551659064367
0.142037797975354
0.175944750849158
0.156153855076991
0.14654387505725
0.136086737946607
0.106089314678684
0.120530774537474
0.181557093397714
0.159190820972435
0.145006406866014
0.151133896689862
0.101289828401059
0.187765505374409
0.171409588982351
0.190908516314812
0.182252903236076
0.158846580958925
0.192385487211868
0.183450821926817
0.109257056098431
0.154354240465909
0.113201512652449
0.163382688560523
0.130850331508555
0.171374857542105
0.114586177095771
0.164553638850339
0.196293531055562
0.120030674641021
0.183938993094489
0.137173105380498
0.199678286840208
0.167673283815384
0.161829153588042
0.157374873803929
0.154123554890975
0.175913811917417
0.172615229361691
0.164283505408093
0.10384323024191
0.193221251387149
0.188628359255381
0.12494605104439
0.120984718156978
0.140674656094052
0.158373750909232
0.182499954919331
0.125232959492132
0.176969305542298
0.155930308997631
0.185670000943355
0.179921457101591
0.199929630151019
0.157561103231274
0.157615112815984
0.129172630282119
0.182085019280203
0.117521297233179
0.1932172780158
0.142758191027679
0.109588093147613
0.194481022423133
0.195554358931258
0.107267282158136
0.10578948543407
0.146809207205661
0.128564551752061
0.186037999717519
0.107888452988118
0.188411480747163
0.154277248610742
0.146870334888808
0.141367861768231
0.188399120676331
0.106562691298313
0.187744919490069
0.195326189743355
0.154332152544521
0.167085233610123
0.120572325354442
0.17025869206991
0.142232954525389
0.198456364986487
0.193229555827566
0.140029428526759
0.107963577331975
0.18947794183623
0.18742873291485
0.170026862761006
0.113404414220713
0.198082358250394
0.116704351897351
0.197265388467349
0.147527700732462
0.127425170550123
0.193455510493368
0.108969755563885
0.114662859495729
0.114427174720913
0.151015056995675
0.140339911193587
0.136136823589914
0.118832151731476
0.12491894857958
0.167178123467602
0.17336842790246
0.181750291143544
0.140434155729599
0.171896255831234
0.184304860187694
0.121569355134852
0.110323034599423
0.154619463928975
0.140954798460007
0.103694039513357
0.102480239537545
0.110208487091586
0.133116333815269
0.160435050376691
0.175952242873609
0.148789949365892
0.146689169178717
0.139811612083577
0.122362991957925
0.1266345418524
0.114396973815747
0.133959487848915
0.195040782191791
0.1788071668474
0.166309376223944
0.149521869723685
0.120595803624019
0.152351970900781
0.129021702846512
0.164213057304733
0.142704482516274
0.127638745307922
0.192057416960597
0.143056766898371
0.193579756119289
0.138518441212364
0.138183591817506
0.12531170041766
0.174255209160037
0.111313702818006
0.164180835476145
0.166390212136321
0.134605836332776
0.139816296775825
0.111088467761874
0.128957733791322
0.171068647154607
0.121351882908493
0.140191418887116
0.156640549912117
0.189632226456888
0.192965389927849
0.145425573014654
0.121050023962744
0.168696364178322
0.18544640801847
0.19028133507818
0.180233124364167
0.197309028520249
0.105289047793485
0.179323743353598
0.117066695098765
0.193863453762606
0.160667790845037
0.184240964800119
0.117577684251592
0.180073580751196
0.1809210911626
0.112969271140173
0.112415058491752
0.111449017585255
0.128967627463862
0.108479957655072
0.156542672473006
0.101815453101881
0.125927140889689
0.167901960620657
0.102533595752902
0.152313539967872
0.173761588614434
0.122358176042326
0.123521552281454
0.130881837010384
