0
0.157710220082663
0.119309208588675
0.112456667143852
0.124609415326267
0.175207712198608
0.13811240051873
0.199740761821158
0.162632540613413
0.177523405384272
0.167382644047029
0.109320613113232
0.124820620543323
0.130324388062581
0.101367329107597
0.12274572767783
0.14260677008424
0.138328081509098
0.101233993866481
0.10925107782241
0.139847376034595
0.188458510790952
0.120480991178192
0.121308452473022
0.170563642354682
0.188462992408313
0.170796183194034
0.106304864678532
0.172960749431513
0.135887434752658
0.127849516971037
0.156376586877741
0.175602905685082
0.104334205738269
0.119180466374382
0.139354595867917
0.170058351126499
0.12871833962854
0.195808407431468
0.129407175048254
0.116166879865341
0.145421109558083
0.171143217594363
0.149508724571206
0.108194551896304
0.103892681910656
0.105903846910223
0.150602380908094
0.113494165125303
0.111445840657689
0.174268348398618
0.108411693782546
0.130033253552392
0.198245340562426
0.128161790012382
0.135647796955891
0.131556700612418
0.154948006244376
0.120376392942853
0.147747989813797
0.172628207691014
0.154052809742279
0.149046238628216
0.103240859555081
0.113750801677816
0.180027598422021
0.176660103304312
0.15450086905621
0.149061705730855
0.19984039941337
0.140991119807586
0.181634525419213
0.110285792779177
0.177110554091632
0.182112201862037
0.136350110266358
0.118831179733388
0.14470669797156
0.103949577827007
0.145611167699099
0.157967882952653
0.169106207438745
0.161872028582729
0.126672999956645
0.152270646905527
0.19940414626617
0.135090419882908
0.106708169123158
0.109523529023863
0.152667483501136
0.185600896482356
0.15471346154809
0.137680825963616
0.119320086459629
0.164871649607085
0.171832991018891
0.110782446619123
0.190988206421025
0.136947558727115
0.189510482479818
0.186110941623338
0.18233667074237
0.163162792637013
0.179824310494587
0.103456838685088
0.123304419731721
0.180693085025996
0.105925052426755
0.155038715433329
0.166240654373541
0.19721400954295
0.121696262969635
0.162507911911234
0.14233160300646
0.196174976485781
0.167479436844587
0.132707498432137
0.13999461568892
0.14782456473913
0.196744652162306
0.152271345141344
0.163706222572364
0.198826984153129
0.165912609733641
0.161558323237114
0.139074145723134
0.1853634824045
0.145970729645342
0.163949697464705
0.198575029778294
0.141843848093413
0.171098562469706
0.181238874956034
0.130609963624738
0.110521775088273
0.100502372230403
0.193014117376879
0.117551756394096
0.151703596394509
0.11304700137116
0.172661013063043
0.131851321691647
0.12561172018759
0.145570274000056
0.1967892752029
0.160792324249633
0.112938352674246
0.174427135451697
0.161317181051709
0.169006917160004
0.152014992106706
0.145113392127678
0.123988077254035
0.17609899060335
0.100247033149935
0.154882723186165
0.172305263206363
0.179565692623146
0.160156721901149
0.113744629384018
0.175238333060406
0.195013904175721
0.146665649325587
0.112422593007796
0.127903934568167
0.134026397997513
0.164882048079744
0.10801017943304
0.183144829398952
0.107099636713974
0.181603920599446
0.11713249401655
0.15503296488896
0.11841469462961
0.143881305889227
0.15385527133476
0.187634677183814
0.104681011661887
0.112257479084656
0.177059350209311
0.100759931793436
0.181820116518065
0.117060274840333
0.167944213584997
0.192850595247
0.190221530687995
0.16162232758943
0.155601854273118
0.151888117240742
0.117468040413223
0.144680316234007
0.139452726859599
0.126223018299788
0.181095643341541
0.133122304803692
0.139600519696251
0.127832098328508
0.161113716242835
0.152524067414925
0.13019325833302
0.118955560587347
0.122726804600097
0.150515614124015
0.120811983803287
0.131674433941953
0.175629027350806
0.137914145877585
0.123806120315567
0.165188992186449
0.149463124177419
0.136917504947633
0.111440353281796
0.176020207465626
0.12377059913706
0.198482633614913
0.178054270800203
0.155113481241278
0.154069234151393
0.116076607163996
0.126067793439142
0.152390382112935
0.103041777131148
0.158156576775946
0.183937481371686
0.130497383396141
0.171545803500339
0.116766279772855
0.175078336754814
0.170747964526527
0.125759595772251
0.199844204285182
0.152487566089258
0.148438036465086
0.181510923500173
0.15761317696888
0.183060984662734
0.147199173714034
0.145667530875653
0.115610032924451
0.170501577388495
0.132648335210979
0.126831648172811
0.198875729506835
0.183305933116935
0.172305442299694
0.123882573936135
0.136700110021047
0.179726212169044
0.198226729803719
0.110384457348846
0.111165214586072
0.146224555326626
0.146655604219995
0.177416528831236
0.19776944720652
0.184223456517793
0.101499518146738
0.149045882280916
0.114749851846136
0.171650648955256
0.117048382852227
0.118402214115486
0.163920472329482
0.152154194377363
0.12035760814324
0.165896397270262
0.124903971515596
0.137039532139897
0.127455211058259
0.131509622349404
0.159619561349973
0.150551732140593
0.198792110709474
0.144882548949681
0.184678947250359
0.107625659392215
0.166265161521733
0.156880537024699
0.198733680183068
0.115033937152475
0.168191882502288
0.192292099073529
0.180949379201047
0.114154214179143
0.121802757773548
0.119280772097409
0.150223495927639
0.189438254805282
0.164213002100587
0.130082306405529
0.139702893188223
0.1852337713819
0.161628210940398
0.160703787114471
0.117663076822646
0.139872963400558
0.184233533847146
0.17824535544496
0.180503803351894
0.165775028942153
0.151369098201394
0.18876393691171
0.170219908421859
0.142801305721514
0.118153227958828
0.109655673592351
0.155312127363868
0.173852096335031
0.141760002705269
0.149024795228615
0.123438792745583
0.137397565459833
0.126837847824208
0.136440169508569
0.199764059227891
0.110121493088081
0.12832041149959
0.126887161051854
0.134492987254635
0.114180515217595
0.1404477549484
0.146774658956565
0.107580810599029
0.189247642550617
0.112718952354044
0.137752922042273
0.170790824689902
0.15819653570652
0.133266297751106
0.158202368812636
0.123671826045029
0.124406567797996
0.14313689796254
0.125991774303839
0.180194716271944
0.117818545014597
0.181547745550051
0.19784750402905
0.112416815245524
0.19851037459448
0.192751548183151
0.184078211663291
0.171567980502732
0.14643748595845
0.128314838907681
0.102556932927109
0.10713990596123
0.146566367102787
0.140455868910067
0.160706721362658
0.16380664515309
0.14637957108207
0.109712604945526
0.177625630632974
0.106253786664456
0.185826092073694
0.183053546631709
0.139181925076991
0.123593734786846
0.10605689806398
0.19766199530568
0.157296135928482
0.110401205625385
0.16917382478714
0.193569116131403
0.174738787463866
0.118833593325689
0.185137447342277
0.154222240322269
0.130806576949544
0.15210023780819
0.114044381608255
0.143317279149778
0.121608910826035
0.195962219964713
0.197854154766537
0.166144761559553
0.174272750201635
0.142282912996598
0.108852953091264
0.138195887464099
0.191150663886219
0.122825598227791
0.107994137029164
0.152488737204112
0.12865575789474
0.193252658075653
0.196649517747574
0.198938016570173
0.187967752758414
0.100013903155923
0.140693216351792
0.138690719706938
0.139576551830396
0.131067594559863
0.133697340497747
0.128290537279099
0.185980688245036
0.149872651649639
0.113333097007126
0.158893476985395
0.161626040167175
0.10293640147429
0.163199750916101
0.101430679112673
0.157961535896175
0.147061084024608
0.101079470990226
0.146380407479592
0.181142702954821
0.102603098750114
0.1480804057559
0.176350527233444
0.111727702757344
0.197174092428759
0.143310018070042
0.138242500112392
0.136199173284695
0.149354050192051
0.117667418881319
0.110475787264295
0.189601968042552
0.161514146230184
0.125990282790735
0.109345631487668
0.10998233188875
0.183051375020295
0.125376468873583
0.149581284611486
0.128462907089852
0.150543132959865
0.109247853211127
0.103657165844925
0.11672855517827
0.168350729718804
0.113082728767768
0.170346663054079
0.134139688359573
0.137112096557394
0.138048055116087
0.14718017464038
0.117453420977108
0.167222586367279
0.11061240346171
0.135359433921985
0.171338016167283
0.191533718630672
0.156585585442372
0.132145516015589
0.177145571238361
0.149615106265992
0.113743229047395
0.138219475210644
0.122079815017059
0.104576548398472
0.129167278367095
0.116791954543442
0.19651802086737
0.157496980158612
0.179836241831072
0.140403333399445
0.126572167035192
0.121977966674604
0.153843289846554
0.119907797384076
0.151979686995037
0.175432998710312
0.107343263574876
0.197565591917373
0.120153157389723
0.155458568758331
0.161956407711841
0.180901809502393
0.110117939673364
0.164393957820721
0.187577606225386
0.185305103543214
0.165658707614057
0.192385199968703
0.119125985866413
0.195804074057378
0.171624297532253
0.161150081991218
0.155894930707291
0.132771957921796
0.101117067201994
0.113881646632217
0.171714127343148
0.113466478628106
0.154553460027091
0.166550279781222
0.184711739583872
0.183091779286042
0.161184412357397
0.164637922029942
0.100833420199342
0.109012779011391
0.111407376709394
0.129222724703141
0.175382247683592
0.121537781576626
0.113869267725386
0.192400425975211
0.190576828084886
0.11122697412502
0.187350368639454
0.149349246663041
0.116068776021712
0.160126358037814
0.19932956492994
0.121817048382945
0.18739884335082
0.190358548704535
0.174060148163699
0.191297482140362
0.157171241706237
0.18054259235505
0.147535870969296
0.169050081586465
0.174310306063853
0.177451208163984
0.168414029758424
0.169020978943445
0.161436820658855
0.161389411962591
0.188399275531992
0.118981719063595
0.13603545865044
0.120434989500791
0.104341949918307
0.139838962606154
0.163309422181919
0.190539377345704
0.184289429709315
0.103864267445169
0.156534511386417
0.127236079401337
0.140114967431873
0.146774809830822
0.190068509592675
0.15343564178329
0.188256246061064
0.165390844387002
0.184088400215842
0.158498534397222
0.166862139687873
0.188531598984264
0.111598635441624
0.159435831010342
0.196120309713297
0.149408303177916
0.171288618026301
0.198559232661501
0.101849166746251
0.191573919728398
0.127507602446713
0.141336178942584
0.132561237970367
0.170804357691668
0.187676023272797
0.193134976481088
0.184255994507112
0.152281441073865
0.191686142608523
0.150736420438625
0.144521404616535
0.195447798050009
0.171690637269057
0.111886441428214
0.14824661386665
0.142300978559069
0.161673952173442
0.17409411999397
0.160643095569685
0.191040350822732
0.163753697229549
0.108523865509778
0.188445171969943
0.12574546339456
0.187795508420095
0.198822886683047
0.180040384153835
0.195945876766928
0.158304242510349
0.146895355568267
0.104664097772911
0.146407892205752
0.168452632846311
0.19035081549082
0.122998946788721
0.111379084433429
0.171116297505796
0.137333499244414
0.185128120635636
0.15289023546502
0.158632622845471
0.139080228353851
0.101837163907476
0.157053497782908
0.146436627302319
0.12818056193646
0.16509784294758
0.156689023529179
0.106549664307386
0.109669432952069
0.162109100981615
0.178385003004223
0.18268276960589
0.142515643546358
0.142972656455822
0.127597260964103
0.137718785484321
0.105511388974264
0.142940491787158
0.173556754179299
0.18540788651444
0.12303112919908
0.154279536032118
0.174046406289563
0.109311144636013
0.123806370026432
0.194655253225937
0.151921467948705
0.156427953671664
0.182324267411605
0.166101152775809
0.124785156128928
0.107362151611596
0.129316576500423
0.107873039320111
0.109700957359746
0.119739068928175
0.171614734968171
0.125042559020221
0.163214918482117
0.157553214789368
0.161798649071716
0.113735568174161
0.176560913491994
0.181232695095241
0.19340688905213
0.142474064067937
0.113104223064147
0.180001905327663
0.15260809676256
0.118817241908982
0.193424638314173
0.177872576261871
0.119109143223614
0.157600605743937
0.171691683260724
0.142965451581404
0.152086479193531
0.105566098238342
0.154231849778444
0.126004263665527
0.117347722826526
0.136484990036115
0.14152069776319
0.168423059955239
0.191928111948073
0.134059352823533
0.120273646852002
0.176516907871701
0.164053727523424
0.129739376576617
0.135914851771668
0.116538987355307
0.149689482920803
0.174487978895195
0.185331199364737
0.149335701134987
0.111263223574497
0.132254274562001
0.178112882771529
0.123406232637353
0.169678021012805
0.157070598797873
0.143778420519084
0.123696476360783
0.192293395055458
0.14465536265634
0.195732987532392
0.104477657540701
0.181516898749396
0.155301838647574
0.150773023511283
0.143600133387372
0.190059242467396
0.170872948947363
0.123429418983869
0.131596016697586
0.197749324864708
0.168345897551626
0.119456936279312
0.136246696254238
0.184047747612931
0.115752305230126
0.166590059059672
0.167367779091001
0.16751285919454
0.180730228871107
0.160303518152796
0.113705768366344
0.101600374025293
0.109070283686742
0.138928401470184
0.183383027557284
0.165694021503441
0.178610986587591
0.188707842980511
0.123379092942923
0.129927172907628
0.190871635801159
0.181715248478577
0.146010567969643
0.1348875438096
0.119923158339225
0.100600041053258
0.165627789194696
0.194028402166441
0.14317652110476
0.104955350141972
0.160211543412879
0.108687907014973
0.195021959627047
0.144671336188912
0.141343701840378
0.191162119223736
0.166757134231739
0.148114564525895
0.107333384035155
0.13677194879856
0.114998383936472
0.123756484407932
0.135987035906874
0.191291751735844
0.153725673304871
0.133811465487815
0.116942975018173
0.135597931896336
0.165840719686821
0.17952138541732
0.105561391916126
0.132816349319182
0.180773483496159
0.188701137318276
0.165335681359284
0.145008819759823
0.118489365139976
0.174206556519493
0.10131865690928
0.111253958009183
0.106495267502032
0.184647652204148
0.129919666657224
0.199258345365524
0.168817481794395
0.155168189876713
0.153808786440641
0.125705024134368
0.1586361319758
0.155234992690384
0.110782342031598
0.189045377657749
0.104158941353671
0.19382608209271
0.101990845333785
0.109797124681063
0.101236608368345
0.1881297246553
0.120115722436458
0.190442393231206
0.120470075495541
0.130477590905502
0.136629617610015
0.15707924591843
0.121318747033365
0.121356729208492
0.173715405887924
0.17689538509585
0.15519813480787
0.148711120686494
0.150078749423847
0.158540469664149
0.156975805060938
0.14714651494287
0.130550120165572
0.153376359911636
0.148219953523949
0.189260133355856
0.120929365232587
0.192359047546051
0.111240194900893
0.147392720472999
0.117623968771659
0.136219854280353
0.158776694419794
0.183672190899961
0.135302564362064
0.103342066705227
0.174187831650488
0.102284982707351
0.159558883169666
0.160550216608681
0.182802246068604
0.155995966307819
0.14521412383765
0.179140368872322
0.126877829991281
0.165742849837989
0.183418313669972
0.128492690296844
0.184467536141165
0.151444863993675
0.190750853088684
0.166984915896319
0.183568669622764
0.191770801343955
0.172309597674757
0.118753503612243
0.113573088753037
0.184058609558269
0.185923101380467
0.186243622982875
0.157597141945735
0.134019360807724
0.111327615263872
0.159748947340995
0.104905353160575
0.174169564642943
0.19502977936063
0.125139125529677
0.169717943063006
0.101488845213316
0.112015469186008
0.193867498752661
0.181878263037652
0.189392497879453
0.109917174163274
0.169960191217251
0.134549840842374
0.176559249009006
0.119247239385732
0.128645444335416
0.150698679941706
0.192352631059475
0.124032944254577
0.15479386812076
0.14176542153582
0.152392301801592
0.190786387259141
0.11551302485168
0.108534201211296
0.159692832804285
0.123283975967206
0.140031841443852
0.136954660457559
0.127193960640579
0.192730852798559
0.143977692187764
0.128767209895886
0.159252625284717
0.12616138481535
0.143962720385753
0.148927054041997
0.101410394185223
0.169662781944498
0.120121929445304
0.194008550886065
0.120864897873253
0.127229635184631
0.104539598850533
0.170600670319982
0.101830657245591
0.17507552865427
0.120467277662829
0.18461348793935
0.109931488824077
0.167362161702476
0.18501036320813
0.166995295719244
0.135898991464637
0.104003393743187
0.140760836936533
0.150169464945793
0.135540073760785
0.167225322360173
0.199986399221234
0.160418331064284
0.144408468925394
0.110625201533549
0.199783987016417
0.114202876342461
0.183139781886712
0.138648591260426
0.179782649618573
0.185127736162394
0.151013486366719
0.188532741856761
0.175547378347255
0.186092230933718
0.101024785102345
0.125022707157768
0.197515950445086
0.151378555549309
0.157111231330782
0.118180940044113
0.17235362350475
0.143299344368279
0.178261578129604
0.119625610439107
0.149512904020958
0.117712215101346
0.155421450198628
0.107136691384949
0.199943141941912
0.190000855666585
0.121918357070535
0.130540922889486
0.198040149966255
0.193425583746284
0.16779076019302
0.126155098667368
0.144407882727683
0.182926217559725
0.116351152979769
0.119227280654013
0.174226378044114
0.153860517730936
0.162609716970474
0.162343286816031
0.189724966161884
0.157019148138352
0.188736098399386
0.172860710672103
0.173695131763816
0.112554734176956
0.100605490338057
0.127917347010225
0.131121501605958
0.185829987400211
0.103256542538293
0.184965334949084
0.180497584957629
0.133385023497976
0.194062151852995
0.176042528147809
0.13642315058969
0.136435139761306
0.10471403694246
0.110866300086491
0.139665636932477
0.1129579793429
0.12253140353132
0.185973602347076
0.17721895033028
0.106828093435615
0.166708476468921
0.169166457257234
0.113038081070408
0.123882620129734
0.156971446750686
0.106649913848378
0.18309759774711
0.197921264939941
0.178255009348504
0.199082713504322
0.107032647076994
0.111631789524108
0.1508876752574
0.173835061211139
0.118003247468732
0.144789363187738
0.135985495219938
0.108974586799741
0.103696214989759
0.172640566015616
0.197797057009302
0.18867984872777
0.124553135293536
0.117462547752075
0.154104748601094
0.194914956646971
0.156900304974988
0.172588515840471
0.177114803250879
0.129011314432137
0.198966202512383
0.107685102079995
0.127247308194637
0.113048321474344
0.183613320090808
0.155214117397554
0.116527191177011
0.147375039453618
0.177622469747439
0.180308468919247
0.127364927809685
0.113933599041775
0.174488715175539
0.118665634933859
0.183934718603268
0.181751482211985
0.169670219859108
0.145594381610863
0.180440152413212
0.105717540858313
0.108509416831657
0.146065715164877
0.161227411520667
0.128653565701097
0.188399229058996
0.168669794150628
0.182311868225224
0.149877967312932
0.164069764106534
0.121091385139152
0.118680456583388
0.157887652423233
0.17174602735322
0.169348851800896
0.15023832982406
0.13996398858726
0.159566330490634
0.101194545254111
0.129078154731542
0.131653840932995
0.12236164198257
0.172743377787992
0.139447594154626
0.165441697952338
0.110581602994353
0.18260097890161
0.123152483417653
0.105072170123458
0.157423270517029
0.187082823459059
0.190304241981357
0.174834708729759
0.111489682155661
0.113158727926202
0.170503394538537
0.157473502703942
0.163780861627311
0.183550884644501
0.133577118604444
0.109607408568263
0.120117107452825
0.149864632147364
0.177246322971769
0.110233493777923
0.117431276664138
0.171450759191066
0.116874088952318
0.150810668803751
0.182704007788561
0.187673794780858
0.157005335600115
0.19040824722033
0.154917507246137
0.168223571614362
0.170661788783036
0.173797031189315
0.12921319056768
0.158318248786964
0.166507357242517
0.142008093488403
0.184796937741339
0.170670357649215
0.150387970590964
0.134014423727058
0.16952653019689
0.145216684811749
0.126109673571773
0.138938831561245
0.180431726737879
0.113829399459064
0.19437882618513
0.142411767505109
0.101403240975924
0.139302441570908
0.166639203648083
0.162978084315546
0.1961616886314
0.195147034479305
0.167541314265691
0.127243999415077
0.147329974872991
0.199750524200499
0.180228483024985
0.112224193173461
0.132804588973522
0.163194448826835
0.160459276963957
0.160853453213349
0.156783805042505
0.122404069290496
0.19350189936813
0.151522382372059
0.169115243549459
0.146282817237079
0.141284470958635
0.124359221663326
0.18114404855296
0.12235703736078
0.135005437908694
0.185405302839354
0.105261061829515
0.179957425990142
0.112062822608277
0.112926730094478
0.10944911246188
0.135607362282462
0.13710785289295
0.118314122129232
0.145040873019025
0.116185207478702
0.141858917893842
0.112376063456759
0.115113334124908
0.114446130464785
0.144467507256195
0.159317439422011
0.187533073918894
0.102226588688791
0.191205598856322
0.167069300520234
0.185430702893063
0.191246639075689
0.138461151579395
0.163441832759418
0.115562671213411
0.178203491587192
0.142371437023394
0.117784774396569
0.180693803052418
0.180417896434665
0.115908937132917
0.107913684379309
0.184438916062936
0.193350433465093
0.185068762488663
0.110847517591901
0.15969821929466
0.103070692322217
0.174717223015614
0.160731435567141
0.109239799808711
0.1369971398497
0.101532619958743
0.101009076973423
0.175615513906814
0.192239164724015
0.153706548805349
0.142603129334748
0.157122872583568
0.193333115358837
0.159716580063105
0.194066264829598
0.154889687569812
0.158474314538762
0.143451127409935
0.150575922988355
0.160033677797765
0.156516434671357
0.156975582870655
0.139817667379975
0.123356158006936
0.191742717311718
0.117999311373569
0.16055378979072
0.11883657083381
0.115779746114276
0.18323201474268
0.110992907290347
0.102763815480284
0.187679502856918
0.148890375345945
0.171160315303132
0.169202958606184
0.151468371157534
0.112015325669199
0.124317681742832
0.129319022945128
0.18873939437326
0.150375834666193
0.117230172641575
0.115285853622481
0.147187183774076
0.166367062181234
0.160908581805415
0.106841785204597
0.144268312840723
0.146638843743131
0.10662131391
0.112274325662293
0.153162285150029
0.159317148337141
0.176135866739787
0.187928402819671
0.136735269101337
0.12828306958545
0.183558329101652
0.130379771487787
0.123983049299568
0.160555161326192
0.153546501602978
0.133256954723038
0.1473533234559
0.132520392793231
0.172040121024475
0.15207249277737
0.15490304697305
0.112765128631145
0.194502211385407
0.124230096768588
0.196595984720625
0.103380164736882
0.119596153334714
0.10611666822806
0.168715256429277
0.197166687110439
0.10342375440523
0.166791414259933
0.126094938069582
0.128431452251971
0.195352311711758
0.1844530032482
0.103642564220354
0.156927541946061
0.134719247347675
0.137196172424592
0.118195869540796
0.161591036501341
0.179877455555834
0.149453509761952
0.12791257747449
0.132199686951935
0.172819008864462
0.155719436425716
0.160097485873848
0.120418700249866
0.175800200644881
0.188351597916335
0.111045319563709
0.169539406360127
0.142252544290386
0.125433356966823
0.189960283599794
0.126170849893242
0.157318836846389
0.125019254279323
0.150917621259578
0.16601158073172
0.1522827538196
0.126467612362467
0.104469930939376
0.154922027792782
0.112422938412055
0.131656093453057
0.172781540243886
0.167057565180585
0.159307312848978
0.153432508162223
0.161122751212679
0.157788253040053
0.191034287307411
0.157299626455642
0.154857340548188
0.164285454666242
0.125580082274973
0.107477469579317
0.101672899117693
0.158784214989282
0.152959777531214
0.106737901340239
0.102994720614515
0.14543494223617
0.118365381006151
0.177932124049403
0.102038027532399
0.199566314951517
0.163701437273994
0.134686744119972
0.169093629461713
0.190431337570772
0.10568958488293
0.164977658935823
0.192963559902273
0.150838510575704
0.118460132949986
0.145194610906765
0.178908602823503
0.188447448564693
0.192945839045569
0.166450326377526
0.114613994769752
0.100057144393213
0.116674431902356
0.148988899961114
0.178472313401289
0.144853434897959
0.112526833359152
0.16057393392548
0.184151109238155
0.155590897332877
0.173199085751548
0.134689422417432
0.150352031970397
0.183691456122324
0.125931043294258
0.172076551872306
0.145546877803281
0.134106063772924
0.109252870781347
0.184264291124418
0.137117368564941
0.185051305149682
0.195989478565753
0.130342613626272
0.111251246673055
0.101685872906819
0.104249465628527
0.107132742996328
0.172930411202833
0.106189996795729
0.121900460775942
0.170998816052452
0.199822973739356
0.157967026694678
0.135564523120411
0.186293711769395
0.146699328674003
0.113555985013954
0.152520873351023
0.183290032320656
0.165104031097144
0.171475727926008
0.113022361509502
0.160320168919861
0.135218333848752
0.163737498736009
0.137057412718423
0.139169964031316
0.154351192200556
0.158561358833686
0.180783215723932
0.129532035044394
0.146333346655592
0.197935131308623
0.144840672099963
0.131536515313201
0.191927127540112
0.156257443339564
0.153098173229955
0.161360500659794
0.134431512234733
0.114081393624656
0.173696436895989
0.120035303826444
0.157919990085065
0.181196552398615
0.115462174848653
0.124463572329842
0.122060303203762
0.15185475803446
0.191372242593206
0.156696714949794
0.134630252444185
0.172501027467661
0.151442494639196
0.187381646269932
0.112385363993235
0.112739077210426
0.132689334871247
0.17328718919307
0.127835480542853
0.141339509375393
0.149164645583369
0.197199093503878
0.186203222558834
0.127122046332806
0.149846731661819
0.162151188426651
0.127486012154259
0.167919097468257
0.199954785034061
0.167618763074279
0.172105487412773
0.133985299477354
0.121341157099232
0.139592456654646
0.189611747232266
0.1039775676094
0.161737996363081
0.130592872621492
0.122600050317124
0.143887324305251
0.103225651592948
0.164461353654042
0.149355528713204
0.149428058392368
0.170841642608866
0.107201724429615
0.193793548760004
0.101910507678986
0.156781778903678
0.156309877126478
0.168299334659241
0.12090689286124
0.118033902603202
0.10520961896982
0.155876672593877
0.142360469722189
0.131631488632411
0.158934644074179
0.19835147280246
0.129654266312718
0.151195808872581
0.141819409141317
0.176605421444401
0.169473305856809
0.194853737927042
0.153891371353529
0.122419379279017
0.114225393766537
0.161960195214488
0.158487206487916
0.16820376154501
0.165783091564663
0.197573930816725
0.16692679328844
0.160097402101383
0.141194489807822
0.197314600041136
0.171443045767955
0.187960217054933
0.190000679460354
0.163196526910178
0.108111233939417
0.15536669595167
0.107435368211009
0.181236469536088
0.140914288861677
0.143732931045815
0.16867542786058
0.174715085187927
0.142833685665391
0.12230478473939
0.193797989026643
0.197743803518824
0.100425552530214
0.119867543084547
0.107319440878928
0.155396709009074
0.129451868822798
0.128510945453309
0.10317472468596
0.109901670413092
0.131305781146511
0.195345762302168
0.102591571537778
0.174007381801493
0.157790766353719
0.169781047408469
0.119051054795273
0.195068214298226
0.196133393235505
0.127601699507795
0.162663539894857
0.13461024495773
0.192529634130187
0.131429132376798
0.185596313816495
0.189412703481503
0.185983005561866
0.131364080426283
0.157310359738767
0.108469204301946
0.15088773095049
0.101335961557925
0.117724911589175
0.123245699913241
0.184852346382104
0.147627423028462
0.121296311868355
0.163669853052124
0.114129251544364
0.173129207873717
0.114097381825559
0.176958790700883
0.175889153569005
0.107082393183373
0.147550726030022
0.150684206699952
0.155814480851404
0.188860977068543
0.198639211524278
0.130216916534118
0.1000687076943
0.13601712223608
0.139452047413215
0.117468158621341
0.142895231628791
0.141177716827951
0.179409548500553
0.142684205947444
0.115976692386903
0.144511120463721
0.150198091962375
0.123192413011566
0.104401771654375
0.144960060250014
0.166004039696418
0.173346216743812
0.129282514005899
0.183486809651367
0.189561543962918
0.147235502977856
0.163943613925949
0.115784885222092
0.197531037195586
0.195572313247249
0.135253896657377
0.1846583961742
0.13749862445984
0.17171959602274
0.113216184987687
0.142497524479404
0.154343829792924
0.173633086076006
0.114055974362418
0.154220614023507
0.197242215811275
0.120843249862082
0.14007440560963
0.166670052264817
0.19526587324217
0.168989906087518
0.129714840790257
0.141239093570039
0.177426205202937
0.133364528953098
0.128064441587776
0.194396604434587
0.150858680484816
0.197523147333413
0.110238123312593
0.11476725039538
0.127364490530454
0.167477611592039
0.198083869786933
0.104601905448362
0.182058661151677
0.127166527090594
0.193170766788535
0.13277091961354
0.135242278268561
0.143098277598619
0.191894570877776
0.129889749758877
0.111709854472429
0.157632094412111
0.191263645142317
0.144840852031484
0.167599989380687
0.142123737907968
0.14615174299106
0.144405381870456
0.170974518056028
0.189223085483536
0.141258619166911
0.108772151591256
0.17944876011461
0.194117170176469
0.1611692748731
0.188923307741061
0.111647917958908
0.161294036381878
0.141695682005957
0.19367315012496
0.19853266379796
0.123343075206503
0.146935635246336
0.177517398656346
0.144010165031068
0.121162076643668
0.176512680621818
0.10021850084886
0.104047456942499
0.195561305736192
0.177752188732848
0.189781329222024
0.163438292406499
0.175701254396699
0.199449147330597
0.189081872906536
0.116106344317086
0.106734929652885
0.168977352580987
0.107835686788894
0.127790146740153
0.164441420277581
0.1202525281813
0.188033214188181
0.174655549298041
0.189100540243089
0.141981675173156
0.182514519663528
0.183910937490873
0.174755095387809
0.141524643055163
0.113535705185495
0.152271421859041
0.147569313063286
0.148574416921474
0.172843848448247
0.119647392746992
0.114985417248681
0.143584112939425
0.13806361136958
0.132536799553782
0.187587465625256
0.169275402487256
0.121527997869998
0.184470142936334
0.18946729991585
0.134004091331735
0.125758500257507
0.176550653879531
0.104945285851136
0.157879474572837
0.163029567780904
0.164101445814595
0.170550853479654
0.145307942084037
0.140402457327582
0.115536221442744
0.171513532404788
0.11715338898357
0.161749511305243
0.191782779037021
0.162929144338705
0.107004245696589
0.181798838987015
0.13429045714438
0.113519269553944
0.11086866047699
0.12764963186346
0.128765469253995
0.160528988321312
0.129095464898273
0.151467001345009
0.121196024236269
0.112355639808811
0.180243744817562
0.130148069490679
0.107372163236141
0.134119712328538
0.195082419854589
0.194178856164217
0.105097493575886
0.17297904395964
0.153336519445293
0.13823682309594
0.164811953483149
0.100740511203185
0.148909741872922
0.105504912929609
0.140167683083564
0.155564427771606
0.115369444270618
0.174704445176758
0.195722352201119
0.191260138619691
0.157489062100649
0.179597123269923
0.176821257011034
0.190568037913181
0.172648554644547
0.12307222976815
0.113111493107863
0.128598527633585
0.177386018401012
0.116051538591273
0.183052037074231
0.14772196165286
0.122204310563393
0.168686833581887
0.138639247976243
0.192903492716141
0.15277347844094
0.184204983967356
0.102371290023439
0.113591911271214
0.135449878219515
0.172334766970016
0.165687512932345
0.161467431788333
0.149586830777116
0.190725446213037
0.141293668886647
0.182223564968444
0.198200147575699
0.17108747086022
0.145490603055805
0.122966214967892
0.199184981267899
0.110114476783201
0.159014286170714
0.163734100782312
0.102215407136828
0.189143857476301
0.165608534403145
0.170587360765785
0.110563959414139
0.179658211278729
0.126755197485909
0.175443694647402
0.173238404630683
0.127744159451686
0.162559130112641
0.118062430247664
0.190062691224739
0.156704826047644
0.115825187810697
0.189745821082033
0.139689893112518
0.106073541357182
0.158246464165859
0.172638206556439
0.175989926233888
0.152902822382748
0.117825271445327
0.140477206744254
0.119695896329358
0.159917038097046
0.112788873631507
0.14639800011646
0.117924743378535
0.158178138337098
0.198507548938505
0.121402929024771
0.127708288305439
0.101494809379801
0.113781654764898
0.15584992680233
0.126018725452013
0.10632414012216
0.136600489425473
0.169536854024045
0.102180986688472
0.174448822811246
0.145826866198331
0.179279650328681
0.145265881088562
0.176843727263622
0.190364299155772
0.131825466756709
0.166512909531593
0.127179488888942
0.184866543021053
0.144419216760434
0.17738636250142
0.122723222221248
0.161057778587565
0.193202739371918
0.181021468993276
0.194787012203597
0.100623362232
0.155351044330746
0.104990339046344
0.144653723970987
0.114086581137963
0.160911234118976
0.181463680230081
0.162145348405465
0.196378793008626
0.134499241295271
0.179482786403969
0.137758454331197
0.124394877208397
0.108273187302984
0.129214452463202
0.140999230416492
0.163715764693916
0.167876132484525
0.152108537522145
0.166407931339927
0.126414397521876
0.117595344409347
0.145617503998801
0.13796894766856
0.131159449275583
0.16204470526427
0.132546893600374
0.176655867905356
0.139965868974105
0.107986933668144
0.198357636854053
0.179736496973783
0.141913307504728
0.158130146889016
0.120442944788374
0.124023826699704
0.179569682478905
0.192021986446343
0.123179346858524
0.138669231254607
0.102995561482385
0.181198228267021
0.19045899878256
0.146594316093251
0.154782869410701
0.105914558446966
0.189402738795616
0.188554515130818
0.177542666415684
0.135687521263026
0.159985875664279
0.10399571491871
0.16717469424475
0.136507596471347
0.174637125665322
0.165866062743589
0.145585079537705
0.110229583433829
0.178403902915306
0.126088073523715
0.116962080425583
0.149351341836154
0.11311906138435
0.180386594566517
0.123055820376612
0.173416911670938
0.19571889960207
0.121872557513416
0.194254777999595
0.131776176881976
0.157184546580538
0.176560262055136
0.131521079177037
0.141188752581365
0.186570751457475
0.181931658531539
0.180538903386332
0.14078810676001
0.174909175210632
0.12998793728184
0.163430131739005
0.105364753026515
0.173542867018841
0.126016772491857
0.12523971402552
0.186642350745387
0.19918068065308
0.138928037765436
0.138967658556066
0.153697596094571
0.181540604517795
0.178230615356006
0.115425771963783
0.162902183597907
0.102668469352648
0.189305229694583
0.102712385705672
0.179345068731345
0.105402151192538
0.105181394680403
0.133637705328874
0.163921742350794
0.126035200688057
0.137043580482714
0.155716832703911
0.180133539298549
0.119364169542678
0.148665575799532
0.198115835082717
0.175125257554464
0.167740814480931
0.145086449431255
0.126740835374221
0.19714231591206
0.165019468637183
0.181914109946229
0.128625992429443
0.151648741192184
0.109976729680784
0.103057396761142
0.160771415685304
0.19864287674427
0.16178311468102
0.134292545681819
0.1520327397855
0.181459233839996
0.142009630566463
0.14844462336041
0.126139587094076
0.199008663371205
0.159125511790626
0.100767877791077
0.192408495629206
0.135495796985924
0.160341976047494
0.129269019537605
0.177158009656705
0.11755321950186
0.165583141171373
0.100599252083339
0.169346565357409
0.181697077350691
0.169662832934409
0.184720081859268
0.196767682651989
0.150508298049681
0.17534399619326
0.182169102481566
0.181174953351729
0.180171058117412
0.196844409708865
0.19886134956032
0.160283125028946
0.123090977733955
0.119463972561061
0.116330040083267
0.118850460532121
0.16397748622112
0.186948015587404
0.135376736219041
0.104781825654209
0.132543903193437
0.151752857142128
0.101452823751606
0.169283014652319
0.170632792799734
0.102168405754492
0.11303622291889
0.105228095711209
0.100990392523818
0.111135570798069
0.162882632995024
0.113477506162599
0.148304015328176
0.1965925733326
0.129905071761459
0.135946054989472
0.125251108035445
0.112005153135397
0.186051037046127
0.170200551091693
0.103588519687764
0.173875401448458
0.136906985403039
0.12161992485635
0.190582069358788
0.122007960057817
0.129698580363765
0.115310025424697
0.102059619594365
0.168481392646208
0.165008518262766
0.154112867079675
0.195373168610968
0.106264071166515
0.11375782978721
0.138241524761543
0.164770493563265
0.138286796491593
0.114972845953889
0.191207612166181
0.117624516785145
0.17209340299014
0.173903597821482
0.142225122801028
0.166773792449385
0.168199439463206
0.138732860307209
0.158106068801135
0.108294324902818
0.171422026003711
0.113844380993396
0.172111638332717
0.121079004183412
0.143244242412038
0.188879395113327
0.186720377672464
0.190999223990366
0.1720033967169
0.191623700992204
0.155878394143656
0.15653771511279
0.169320134655572
0.108855176530778
0.110121205355972
0.17812476165127
0.148620570614003
0.128356635663658
0.160663882968947
0.110720465611666
0.153025595704094
0.176505761174485
0.15052171126008
0.18186719964724
0.196159608126618
0.117945574619807
0.160045506502502
0.104707900714129
0.136634771199897
0.170471102558076
0.112299590953626
0.10452196164988
0.182999631296843
0.157340603321791
0.103285368555225
0.160410557943396
0.123836638266221
0.176100346958265
0.199363719765097
0.181280202814378
0.12257733757142
0.138010873761959
0.199021420418285
0.108677462139167
0.161695864330977
0.112575990986079
0.177113510738127
0.164891731133685
0.119260267494246
0.135598992672749
0.103077450231649
0.106142536667176
0.191121791955084
0.157305466756225
0.1614207633771
0.143438384844922
0.172762185079046
0.134462430723943
0.11716414350085
0.154363666079007
0.181519299861975
0.137375427340157
0.127713621268049
0.104296269943006
0.149699092726223
0.188004573620856
0.128641318716109
0.101578948553652
0.191251611080952
0.147053238120861
0.188840408087708
0.173435564059764
0.169795891502872
0.16629605833441
0.141721412935294
0.149459145078436
0.190466953418218
0.159722592448816
0.166858195350505
0.105334026203491
0.10316408732906
0.198724179528654
0.115516776242293
0.174527765717357
0.183378130057827
0.194996757060289
0.187104290351272
0.180730429384857
0.101700690225698
0.16985676002223
0.164700189139694
0.110642152116634
0.13075706390664
0.198209832934663
0.105802575522102
0.10687773663085
0.138377616554499
0.136711145797744
0.110164954559878
0.164652577997185
0.131039084494114
0.121256466628984
0.140932823135518
0.171926151053049
0.118581147724763
0.100726559059694
0.154795045452192
0.148498315177858
0.185156840714626
0.191111503983848
0.145848215348087
0.100022655120119
0.114399388874881
0.143402807437815
0.160121106915176
0.113309936155565
0.198807718465105
0.12372122881934
0.114438496204093
0.199795536277816
0.147929500602186
0.187241907976568
0.110072269383818
0.102065326250158
0.19078550809063
0.195009632012807
0.199285034486093
0.101283990335651
0.188917600270361
0.102731664897874
0.120087412907742
0.150793541362509
0.135506394645199
0.165915369684808
0.163183463015594
0.112293163361028
0.131839741300792
0.174496968486346
0.167992442497052
0.179701186856255
0.148335501831025
0.133518637903035
0.12246927972883
0.103443483891897
0.180290356371552
0.170357334706932
0.177236806950532
0.146944738249294
0.117900174087845
0.195404482376762
0.150617264490575
0.147664463403635
0.159891125932336
0.141194909717888
0.101945932162926
0.145077343820594
0.191598743037321
0.19373625467997
0.110620551113971
0.152185543091036
0.152376928040758
0.126524554449134
0.195080885128118
0.150304091675207
0.144064134615473
0.196135052293539
0.134529463434592
0.114724723412655
0.1822518090019
0.125696488213725
0.107332064188085
0.10639217835851
0.19402526714839
0.177433424349874
0.187266084901057
0.192956354143098
0.162956611812115
0.10609478384722
0.147503662062809
0.173808825644664
0.197672377689742
0.150038574892096
0.186697705928236
0.177502531907521
0.199786380492151
0.164816782344133
0.164484988385811
0.12470689821057
0.119544756202959
0.109735119738616
0.128754407307133
0.185859518079087
0.162815208057873
0.198099473607726
0.135861247195862
0.142655489617027
0.198158138524741
0.126761501701549
0.103676232043654
0.105300080473535
0.11919655778911
0.181230817944743
0.155796374194324
0.185437166667543
0.120457652490586
0.182668033638038
0.166497618146241
0.197890182258561
0.183490862837061
0.117881794064306
0.194789318321273
0.117012199270539
0.130752071295865
0.145617165230215
0.185458881780505
0.18756905272603
0.144754580641165
0.14443634217605
0.159436134342104
0.118055688613094
0.135996462032199
0.182631157245487
0.128433923586272
0.191185097116977
0.166374741215259
0.141558063961566
0.175072934478521
0.111445237812586
0.159116766019724
0.179090044065379
0.137858719867654
0.134105808287859
0.111543739913031
0.119829718256369
0.190645747678354
0.129256219835952
0.135061865020543
0.136402359697968
0.125121688120998
0.114806703804061
0.176504952344112
0.111997308442369
0.1855128508294
0.110262838331982
0.117315722838975
0.187366663152352
0.192608049698174
0.11868189945817
0.171249966067262
0.135483530419879
0.183162425272167
0.172719463100657
0.122820797772147
0.109297655522823
0.115887712291442
0.120078442199156
0.11718066977337
0.175780932744965
0.11396332248114
0.146693217707798
0.112514754966833
0.161178041202948
0.173126474115998
0.150335214380175
0.179251765343361
0.192614521388896
0.128824792406522
0.134800926409662
0.18387271692045
0.175365642434917
0.132779197837226
0.167714447015896
0.152392410044558
0.10208246698603
0.169719063094817
0.152221642038785
0.12059538057074
0.101699187560007
0.131887280801311
0.103946862230077
0.145230901404284
0.16231898679398
0.100667870300822
0.105741593101993
0.14731633530464
0.186655127885751
0.114229761995375
0.12747771886643
0.166536070522852
0.172991479374468
0.130721741681919
0.193944797525182
0.143761896179058
0.179148085834458
0.169654386350885
0.107697535259649
0.136546537955292
0.198949152277783
0.134812081046402
0.141193059529178
0.137090677279048
0.17497807694599
0.170907962811179
0.120666703139432
0.114902325440198
0.197141182981431
0.188376072375104
0.139811255782843
0.122733098175377
0.162241252721287
0.19331297329627
0.176646238588728
0.117962580942549
0.10257380628027
0.125779189704917
0.187151084211655
0.170014666044153
0.102025701734237
0.178229798004031
0.190965279377997
0.137704443442635
0.122811368433759
0.137171761901118
0.166156747564673
0.160390930622816
0.197969912737608
0.199681800906546
0.179876415105537
0.175880622025579
0.175204190332443
0.123103250539862
0.134089487581514
0.149577402370051
0.149186972342432
0.102321535465308
0.107919553574175
0.194421164831147
0.194211920746602
0.137395095685497
0.101824912521988
0.110661442298442
0.163671772531234
0.145412323717028
0.160379091044888
0.125637963600457
0.142350048781373
0.125063356384635
0.152859563450329
0.149396188068204
0.144697781372815
0.150013135373592
0.139393035252579
0.132630528137088
0.144137718109414
0.11747954741586
0.11100179888308
0.122568719647825
0.100033702189103
0.197234868980013
0.118870622687973
0.114785716193728
0.19476501934696
0.113262406433932
0.111610494158231
0.195486063091084
0.157606794312596
0.11574866285082
0.142297017481178
0.199552430096082
0.138668046309613
0.198992803948931
0.125006510713138
0.199976239283569
0.134037741436623
0.111086180410348
0.149335638619959
0.132139824377373
0.133489935821854
0.154196689161472
0.100174482655711
0.188726615672931
0.18799456183333
0.140167392650619
0.108770636911504
0.136526372027583
0.161362951248884
0.121397244161926
0.121751200244762
0.11594628279563
0.106031417311169
0.159398022829555
0.155431493953802
0.106952834338881
0.115416148607619
0.115802295855246
0.103480050712824
0.153973441338167
0.138650798681192
0.180072840908542
0.169464310002513
0.186476998403668
0.153620530292392
0.123094431334175
0.129956165864132
0.114932737126946
0.132086872635409
0.121776354452595
0.13839035644196
0.118379642325453
0.108777242805809
0.17411349681206
0.118375310394913
0.147785838251002
0.180119713232853
0.198356975940987
0.134773623151705
0.148169764154591
0.116557007515803
0.181808736780658
0.181044099340215
0.141182723990642
0.122189015825279
0.146800163388252
0.167710668873042
0.101002044114284
0.103407053672709
0.164181285374798
0.130068810028024
0.168111399095505
0.104138913680799
0.198961635562591
0.109163166978396
0.160358988167718
0.185260898782872
0.195482379174791
0.18463076739572
0.129224543133751
0.168847969966009
0.106220304709859
0.18757233582437
0.110643802117556
0.155705484561622
0.165851362375543
0.190490356227383
0.179408957646228
0.105538692045957
0.134409691928886
0.120921075926162
0.113192560896277
0.140331356343813
0.161308709508739
0.195357542508282
0.151145140407607
0.121844087634236
0.112243107939139
0.182334310351871
0.19801217794884
0.175806013634428
0.112760744290426
0.11060070884414
0.131312825577334
0.121311909030192
0.195809161337093
0.15037479151506
0.104808591515757
0.159582281904295
0.199398874025792
0.110001361649483
0.143329184129834
0.162018115911633
0.108057167357765
0.141080767917447
0.19569724497851
0.122934814612381
0.180229294905439
0.105711319181137
0.182252569077536
0.112255146028474
0.184465670236386
0.189960696641356
0.174525461392477
0.165040646214038
0.182430021790788
0.142401905125007
0.119103570166044
0.105129137518816
0.198452762095258
0.192159959697165
0.167752788634971
0.197178808227181
0.159750691242516
0.165692386031151
0.174448278476484
0.168064151983708
0.135808267141692
0.102309196768329
0.190241433517076
0.190327525674365
0.113190944446251
0.193044073716737
0.158945911005139
0.139204434491694
0.120691064069979
0.190324650122784
0.115595408389345
0.108006616868079
0.122043141629547
0.164595756633207
0.133829049672931
0.122145147318952
0.129224159033038
0.123925274470821
0.10808208680246
0.140009484207258
0.103192162164487
0.177843811758794
0.162626787088811
0.137197197461501
0.199844118813053
0.18001012543682
0.192742026364431
0.160984409949742
0.10270291918423
0.187852785177529
0.124021857278422
0.190817557391711
0.167672990448773
0.126801525382325
0.149504705425352
0.14445329264272
0.17772233041469
0.186004779324867
0.138324002921581
0.147241446748376
0.137563601136208
0.168064762605354
0.180755482986569
0.161691669560969
0.19239944498986
0.16719455413986
0.130663279909641
0.143119807983749
0.183881501923315
0.186147646186873
0.127517716214061
0.161828218935989
0.108321164990775
0.111627589911222
0.10253518235404
0.179223708575591
0.120701061259024
0.197220524656586
0.124158450704999
0.13927107215859
0.160760153713636
0.115225726412609
0.10992514945101
0.186695967148989
0.178864087699912
0.151053843414411
0.120816775318235
0.147488708910532
0.127459283033386
0.144999539596029
0.122874536714517
0.142828984232619
0.1272034896072
0.15864861626178
0.132933215028606
0.186944971536286
0.172002123482525
0.103552821394987
0.159671106212772
0.11787957905326
0.16455531551037
0.175792666710913
0.122384135844186
0.123035236191936
0.18548614596948
0.176484260475263
0.14662204622291
0.160815627640113
0.150901152123697
0.161152782849967
0.122589353844523
0.10522503957618
0.130829586135224
0.105507076135837
0.177619724348187
0.175993970967829
0.139024770725518
0.155433930526488
0.116909151920117
0.190753560210578
0.197173562087119
0.191622695955448
0.1064826737158
0.154044153401628
0.159276315500028
0.112008943827823
0.162434765114449
0.105623233434744
0.178498956654221
0.159556433232501
0.150444124429487
0.161895537097007
0.132000463991426
0.124348868662491
0.184498487203382
0.17884885573294
0.112833833112381
0.111213620542549
0.175590617116541
0.147968905931339
0.174955606670119
0.103288966603577
0.141757908184081
0.122529330523685
0.191240707226098
0.14047993819695
0.1357441294007
0.156715934351087
0.11031951031182
0.152936584851705
0.171418887726031
0.16919931746088
0.123516104067676
0.138329906086437
0.182215899485163
0.119026632793248
0.177391628641635
0.125827128463425
0.148725894209929
0.197532642516308
0.15449251611717
0.102812829590403
0.152878508833237
0.188300443347543
0.100740280933678
0.157050681463443
0.174198312754743
0.107723501184955
0.150815397012047
0.180530815315433
0.172906884877011
0.128851243411191
0.13861103777308
0.176794692198746
0.151457760459743
0.181380657479167
0.119807103509083
0.11033433531411
0.193260158807971
0.133827175269835
0.150573225645348
0.114874055585824
0.135966822272167
0.148294799448922
0.130609037773684
0.165412139403634
0.176718603027985
0.164454973209649
0.10431094521191
0.153660176508129
0.198250708007254
0.172564489254728
0.164093841449358
0.106781804305501
0.142473932355642
0.179945992026478
0.19147084702272
0.198346722428687
0.119022354017943
0.182582666003145
0.114730448904447
0.198602691944689
0.153032179642469
0.125992704858072
0.110715352185071
0.141507232142612
0.176452733180486
0.109933907631785
0.136495788535103
0.187785390322097
0.101239577168599
0.123124248324893
0.192213938897476
0.175056796311401
0.178637824207544
0.185883955727331
0.17407533689402
0.171813478483818
0.118783688242547
0.106129047577269
0.133683219738305
0.186936851590872
0.15295223640278
0.192469328665175
0.115940208849497
0.192969282809645
0.145392515975982
0.125873582367785
0.131202979292721
0.11867606099695
0.17843809009064
0.117625542310998
0.167732761055231
0.119776975619607
0.142643485404551
0.199840878043324
0.17563105924055
0.105168969812803
0.149361427035183
0.136303020943888
0.172521743737161
0.102911601262167
0.106776107568294
0.174801970296539
0.188031953247264
0.187625966104679
0.101119441515766
0.17809091177769
0.182515941327438
0.178986845584586
0.17658342695795
0.128743346780539
0.119421613449231
0.102071249042638
0.127422953769565
0.129118076316081
0.14535388010554
0.118580575473607
0.178685110108927
0.173943743505515
0.133347927895375
0.196089301793836
0.106243352103047
0.146246904996224
0.126191987912171
0.182474583340809
0.17479617674835
0.19852577582933
0.130256421980448
0.103934021177702
0.117581019597128
0.152965365233831
0.17845920426771
0.118356697680429
0.140661345887929
0.180945752514526
0.144761843187734
0.115104899113066
0.142447029193863
0.130473157390952
0.186199555196799
0.112526317685843
0.198305289889686
0.180021509295329
0.154734405735508
0.16438257759437
0.187506114388816
0.1419432829367
0.155319245089777
0.131724800216034
0.109334417968057
0.117935012769885
0.113342097075656
0.140179876377806
0.177414047741331
0.104647224303335
0.109049237403087
0.180426401109435
0.136727832490578
0.192015838413499
0.192589257005602
0.18747699141968
0.187410585070029
0.195729361288249
0.176776441885158
0.107099003973417
0.192994892550632
0.17621130568441
0.125733234593645
0.135050705471076
0.147389565873891
0.10672934318427
0.121688468870707
0.181846968689933
0.109137767809443
0.163328675692901
0.176053444668651
0.197650149208494
0.162904431158677
0.125280217570253
0.145370626705699
0.197800039313734
0.104488152218983
0.144755551824346
0.16429306846112
0.113757884944789
0.189038888388313
0.154145352798514
0.145604739082046
0.115605995780788
0.13507941509597
0.159843372623436
0.141356665082276
0.125153440283611
0.160430942475796
0.168359658867121
0.192244079220109
0.140007006656379
0.118667026492767
0.186779889534228
0.115567494207062
0.140804951824248
0.135169301531278
0.138700285041705
0.107587537844665
0.117601249879226
0.118730499292724
0.189730193535797
0.164148645033129
0.169283175515011
0.131535350927152
0.128434338769875
0.133966633863747
0.192219457635656
0.154758099513128
0.122710677655414
0.149805916752666
0.174735871842131
0.157951813121326
0.132476091710851
0.189532936341129
0.108144786884077
0.151186869083904
0.154135571350344
0.109326385497116
0.141056983103044
0.133402310917154
0.107068091095425
0.169729316513985
0.108152064285241
0.149666023231111
0.189789550937712
0.132404227764346
0.124459200631827
0.147138970694505
0.14125845732633
0.108887208905071
0.151607771893032
0.119174302881584
0.126578799332492
0.198785098921508
0.140522739943117
0.127599024958909
0.190261279209517
0.183640766981989
0.109736882220022
0.111989178904332
0.145285743684508
0.180691531044431
0.106262527545914
0.168370504211634
0.137453575711697
0.162839783658274
0.188790996442549
0.12954741853755
0.199842883064412
0.131157912593335
0.150799752445891
0.166186451143585
0.118367505329661
0.105545165902004
0.114061630098149
0.190397560200654
0.117694782069884
0.148532999749295
0.180100781307556
0.192177033587359
0.158291638107039
0.128483026451431
0.183588297502138
0.191124194813892
0.188010004395619
0.122009552270174
0.169633216015063
0.141874248441309
0.15289769845549
0.145886299735867
0.111963629117236
0.186775432177819
0.142938764998689
0.127318167476915
0.120807365933433
0.115046507539228
0.147690273704939
0.194360911706463
0.125462483870797
0.182413004525006
0.181114082015119
0.113027442013845
0.14674267442897
0.10406038435176
0.187056875764392
0.140180189581588
0.150893898773938
0.157412161282264
0.123646514466964
0.155000689905137
0.167442389042117
0.186754911206663
0.12116241059266
0.163678734470159
0.138782438705675
0.14169222956989
0.123000312992372
0.108136137365364
0.144023808371276
0.154307249211706
0.133953023375943
0.118880916782655
0.114538896875456
0.189231027569622
0.109962151478976
0.135834519029595
0.135179988224991
0.117440150352195
0.199383813864552
0.114777538622729
0.179394686734304
0.130293026496656
0.19173801431898
0.125798778398894
0.100658948696218
0.174227596609853
0.102083046804182
0.178481894521974
0.110038237273693
0.172589456918649
0.171533829718828
0.199345629219897
0.198360662092455
0.14891661691945
0.128209660202265
0.171761481114663
0.163473098655231
0.103886742074974
0.113380503887311
0.165670082881115
0.108261514315382
0.137654732144438
0.193135559652001
0.147280226042494
0.109517984418198
0.157237279345281
0.119506141147576
0.154724932741374
0.173200928908773
0.188758635893464
0.10374101747293
0.17399264734704
0.167455268208869
0.107105137431063
0.113685037009418
0.191891951137222
0.100038907164708
0.114607787062414
0.175006748083979
0.179815733828582
0.175523140560836
0.135843804688193
0.174043596349657
0.126290869014338
0.158016294823028
0.192522700084373
0.153328439267352
0.156185795878992
0.12335718893446
0.12432718758937
0.184102027351037
0.119294943963178
0.173966463305987
0.160070820874535
0.110223902785219
0.131141273281537
0.121409825258888
0.190470098587684
0.190983487595804
0.199438426503912
0.145151726249605
0.178950464283116
0.134597147954628
0.160843335301615
0.144479647581466
0.156335586053319
0.124742594338022
0.150289928959683
0.101150570018217
0.142100348998792
0.181953734438866
0.179633184778504
0.184231344889849
0.190042678592727
0.142615570616908
0.105226379400119
0.148423125525005
0.13751800081227
0.186512391525321
0.13421890437603
0.145611979346722
0.119974582735449
0.161975878779776
0.146196156786755
0.126130311703309
0.151237275148742
0.165146175120026
0.193472116347402
0.162903095129877
0.101208294881508
0.148810786474496
0.106540393456817
0.180013804510236
0.14572863006033
0.172207011841238
0.120312665961683
0.161202083155513
0.191528640734032
0.15070845768787
0.194578885636292
0.107416745997034
0.101857733144425
0.175431719375774
0.122139602014795
0.107657113089226
0.140965794422664
0.157222966174595
0.10433485484682
0.130852250847965
0.19900314596016
0.138819408928975
0.185464938846417
0.136802104185335
0.163126853620634
0.194119955832139
0.12384093280416
0.107016204600222
0.156709532323293
0.176298386557028
0.136830973671749
0.113222997728735
0.145860724896193
0.182057252503
0.118754423037171
0.144937861384824
0.124347819108516
0.154498168989085
0.120455578970723
0.163012725673616
0.17145121647045
0.169386480678804
0.19517800710164
0.111696768202819
0.118238848866895
0.155269725900143
0.168413825426251
0.186623937031254
0.199749187147245
0.188652509078383
0.128687253221869
0.161502303997986
0.121343643637374
0.134732440626249
0.169836536282673
0.125688443868421
0.131665292102844
0.191257867682725
0.173904878180474
0.146768696210347
0.134715947462246
0.125862062652595
0.135145664215088
0.158664186834358
0.180189778096974
0.102092892979272
0.129337117890827
0.147630965756252
0.11456259121187
0.137580905575305
0.145521337399259
0.132709975494072
0.114540568203665
0.183511161874048
0.119679313711822
0.116345539782196
0.187715028505772
0.140304142958485
0.114361628843471
0.172798206424341
0.100845108972862
0.145421103318222
0.173679130827077
0.16446601448115
0.120315364515409
0.17007274874486
0.122460253885947
0.12866297736764
0.116767833498307
0.180598436063156
0.104475227883086
0.184965374716558
0.140665158769116
0.155105323367752
0.181342378747649
0.164163246122189
0.132248471514322
0.163495321362279
0.133563928073272
0.132301654852927
0.183913112804294
0.126931688887998
0.180618002475239
0.144046296132728
0.141149210650474
0.120445241685957
0.153023168118671
0.172112471074797
0.156354330386966
0.144204790517688
0.151416153344326
0.128473328636028
0.110668346029706
0.137309714290313
0.138811424607411
0.108427374600433
0.186547289974988
0.104761943384074
0.108986450568773
0.12216380732134
0.115092936321162
0.156566830910742
0.156474199309014
0.180860036052763
0.116338593512774
0.197718776715919
0.16421898456756
0.167259149742313
0.145980601781048
0.144195353589021
0.156833416386507
0.16205737835262
0.123113422305323
0.147911848500371
0.182791598932818
0.183582413336262
0.181531561654992
0.146105396258645
0.149907068489119
0.103396432194859
0.143478392530233
0.168822760367766
0.10683685564436
0.155639327713288
0.111394624039531
0.151402280433103
0.127302700723521
0.183575005386956
0.113623910839669
0.160254512727261
0.186139483330771
0.112651776522398
0.119576231646352
0.133108701440506
0.130989120691083
0.18724227224011
0.141435472713783
0.189167002518661
0.192351796431467
0.178465742547996
0.127590747899376
0.133851086185314
0.19722978468053
0.199775608093478
0.113569554197602
0.140108167123981
0.197015320649371
0.186843439307995
0.192992434627377
0.106035404768772
0.112355505093001
0.189531523315236
0.132157179201022
0.151847178814933
0.102705953037366
0.126583424350247
0.109751322399825
0.160148587985896
0.12088745594956
0.144915137020871
0.187924982653931
0.127870944561437
0.121788498433307
0.111625189334154
0.126841368386522
0.175066450191662
0.192697635642253
0.184808340365998
0.175948442169465
0.189510343992151
0.119109451398253
0.12957341815345
0.156695635966025
0.139050314039923
0.147158865095116
0.110881747747771
0.193841836648062
0.114791549253277
0.197235476365313
0.137727704714052
0.177388965967111
0.163058554427698
0.14597432280425
0.164543761056848
0.142098175641149
0.1212877655169
0.114111479301937
0.114514057035558
0.111826937505975
0.155540855787694
0.196856901561841
0.199988543265499
0.114786417689174
0.137722779111937
0.140565436589532
0.139561467710882
0.136966670071706
0.13062037860509
0.18777205387596
0.132767808111385
0.108326600468718
0.133621122688055
0.197563470690511
0.185930126556195
0.188466989365406
0.133992393664084
0.15469447246287
0.142817115969956
0.159789179172367
0.138658557180315
0.13412081527058
0.128354952670634
0.114498511375859
0.186078172153793
0.169843782158568
0.113862424250692
0.115129271708429
0.146558723133057
0.150800580228679
0.143807251332328
0.182733798329718
0.103094848874025
0.131065846374258
0.189793583517894
0.132356643956155
0.156559733790345
0.151404368574731
0.11188328973949
0.1931168026058
0.102643051161431
0.194289727229625
0.158509996393695
0.113791412068531
0.10532983825542
0.140907394536771
0.194209268712439
0.19671955013182
0.133831752603874
0.160559549299069
0.162358086742461
0.14457414674107
0.188138380693272
0.109940453572199
0.151789182960056
0.130694324523211
0.121408727136441
0.153997963387519
0.157649357849732
0.169591397792101
0.105274920188822
0.143773908889852
0.139282247144729
0.135497868666425
0.190212914324366
0.161577577353455
0.108439555903897
0.115094018750824
0.137035663146526
0.160643535549752
0.10484420415014
0.140786810056306
0.192649098928086
0.199897130345926
0.165203998493962
0.170497666927986
0.185024323407561
0.161340326466598
0.102056082920171
0.15858783449512
0.140074962424114
0.14111885658931
0.153839609515853
0.167387111508288
0.11468438426964
0.102283980092034
0.176458684494719
0.163609799649566
0.121674870792776
0.180746850837022
0.114518929785118
0.114036085386761
0.110499691287987
0.18845039200969
0.117017483501695
0.179436943749897
0.149451290117577
0.137471370538697
0.195971310627647
0.188810188276693
0.123856882425025
0.141649476857856
0.130991564365104
0.155497761955485
0.164597504842095
0.101663938583806
0.108801645995118
0.156543577089906
0.145390861085616
0.104074021917768
0.192877288162708
0.172783902613446
0.133990693092346
0.177047446090728
0.198414279194549
0.145829691085964
0.118287729006261
0.195827999850735
0.181193284876645
0.103173961676657
0.166078285872936
0.10766064224299
0.189357336214744
0.124287991900928
0.132898987247609
0.140357599710114
0.151867793733254
0.172018210869282
0.144060510955751
0.179588449792936
0.117210676125251
0.120551095949486
0.109741003601812
0.155266328132711
0.124059708043933
0.104714143765159
0.146296914387494
0.150917425425723
0.195070958277211
0.103834822773933
0.131891762791201
0.166769530740567
0.105398206436075
0.187508212123066
0.192873112601228
0.169775847462006
0.162237335322425
0.193056363426149
0.182596333697438
0.193292539403774
0.190388302854262
0.191767931985669
0.111038285121322
0.116275140782818
0.183125205361284
0.154275154368952
0.124133393191732
0.193739925720729
0.147214382677339
0.149426848161966
0.199930741870776
0.111727350275032
0.199357654899359
0.142481924965978
0.171466365433298
0.116820637369528
0.165267408685759
0.161746998829767
0.193650739314035
0.169584300392307
0.194414652441628
0.146273312158883
0.160769370966591
0.151541947131045
0.117887042462826
0.190961886732839
0.186697224737145
0.168699898617342
0.158680872456171
0.193553753057495
0.139516322966665
0.11987078639213
0.18996995522175
0.174689948069863
0.10493147878442
0.149971774569713
0.145903309993446
0.180144163733348
0.100186206027865
0.163594076549634
0.116970492783003
0.101572496397421
0.114080211543478
0.161970126675442
0.101437530596741
0.157259615743533
0.18552412178833
0.124979396094568
0.124134991015308
0.192995511530899
0.151660195854493
0.119557731226087
0.181790700927377
0.161577613186091
0.177943815430626
0.133710332680494
0.142234319075942
0.124900337541476
0.161318611330353
0.157051421026699
0.160185499954969
0.173131621722132
0.121476491237991
0.114605948678218
0.19402338785585
0.176934338686988
0.170742188650183
0.195786348008551
0.106905050389469
0.118425907660276
0.164201844297349
0.191787338326685
0.100552492658608
0.139131604298018
0.179862856445834
0.107594079500996
0.165065269405022
0.172030181647278
0.143839152436703
0.18709243403282
0.190972946956754
0.187818175344728
0.170095783984289
0.180540028284304
0.115132181625813
0.172133815358393
0.104840834322386
0.126617253897712
0.118565991916694
0.143001265241764
0.109377479273826
0.117882788809948
0.165517024649307
0.195779128023423
0.143868852336891
0.186101583042182
0.180984937073663
0.175737974792719
0.182437816774473
0.133879355038516
0.111101550376043
0.115891844825819
0.143780282605439
0.121343774301931
0.11537323014345
0.151059108157642
0.183560104714707
0.146312285563909
0.126157960039563
0.167202716134489
0.19516588402912
0.125905722845346
0.135517428116873
0.160605179844424
0.179646254749969
0.154788193898276
0.120609147660434
0.122712649265304
0.194950995501131
0.167622996820137
0.141326667647809
0.149502794304863
0.156089716707356
0.172171557648107
0.155567280133255
0.101660690689459
0.101336646219715
0.122277706163004
0.176313347509131
0.140317894564942
0.114655045815744
0.188041188684292
0.179926814395003
0.121725300233811
0.177428863174282
0.195315493666567
0.110622814134695
0.147849919972941
0.189008991513401
0.151269988459535
0.149750177050009
0.165429965895601
0.168972685257904
0.197709607728757
0.169577701110393
0.173224492184818
0.140302202804014
0.119478161470033
0.199191490723752
0.133114287629724
0.191205541347154
0.157631794014014
0.103757457877509
0.162873408314772
0.18731045066379
0.181470896233805
0.141743867937475
0.149848827300593
0.109111618343741
0.13901671601925
0.122323781508021
0.134864793112502
0.157789465715177
0.145678571471944
0.17870174641721
0.138136449619196
0.193448577355593
0.191851045447402
0.156062330980785
0.124270708602853
0.127663683099672
0.124974883673713
0.11986222283449
0.100243103527464
0.150131963822059
0.143705869745463
0.169484846270643
0.177440574998036
0.110977151640691
0.156118759093806
0.101091630803421
0.102403193502687
0.176453232835047
0.151871335110627
0.168107628473081
0.161750313523225
0.171603307686746
0.178616111120209
0.176742551196367
0.163359365286306
0.149527646019123
0.155166395939887
0.127031115721911
0.123641452658921
0.115174198080786
0.150040090642869
0.174570040474646
0.165382208605297
0.108599507296458
0.132989579602145
0.183550450205803
0.128109700023197
0.196742521575652
0.173549231793731
0.194560783938505
0.138499055453576
0.150565019785427
0.155288661946543
0.151233674585819
0.187191034760326
0.114286681893282
0.131921392609365
0.156071225577034
0.125982946297154
0.111902266554534
0.164445763570257
0.102370627340861
0.13836122432258
0.185915021295659
0.195378058636561
0.123961310763843
0.139978655870073
0.1762100210879
0.185587079823017
0.180013618152589
0.149751811427996
0.166567575465888
0.143433571443893
0.160571953700855
0.11393403201364
0.116119702835567
0.195088521391153
0.182870562374592
0.169045622856356
0.151197378127836
0.151439257222228
0.136101542785764
0.158188260672614
0.102327218884602
0.127441427740268
0.120985267753713
0.185827454784885
0.161459840158932
0.158457795507275
0.155830475268885
0.197285515093245
0.139809789438732
0.158520489023067
0.122225643205456
0.14607859980315
0.181895031174645
0.192280552629381
0.120176514354534
0.120238053170033
0.101737655559555
0.197563981637359
0.170811841683462
0.196173224039376
0.129314032127149
0.179397475952283
0.180713646369986
0.107794705405831
0.115713837672956
0.142697411589324
0.172621898027137
0.136593224667013
0.147647954453714
0.174621972977184
0.126748734316789
0.167987803905271
0.163683100393973
0.105292890034616
0.136320166895166
0.12120719878003
0.158557684859261
0.107677006162703
0.148849521460943
0.104255028651096
0.191204471560195
0.172501390590332
0.192078534141183
0.114851966174319
0.167963249236345
0.110205990332179
0.130276357219554
0.109200010728091
0.10491862106137
0.160902697895654
0.143147272150964
0.126301488350146
0.166903142863885
0.182025702763349
0.132158184004948
0.106600151024759
0.151409790921025
0.165857660514303
0.186614353326149
0.139712837710977
0.182753622764722
0.126118219993077
0.160567394620739
0.119665962993167
0.126865496602841
0.150870336731896
0.126098517514765
0.184679483459331
0.113021190301515
0.139343687705696
0.164061342994683
0.19324199964758
0.144802377629094
0.155131176486611
0.124472237378359
0.175029285461642
0.166615131916478
0.108171147597022
0.121683654538356
0.165572657180019
0.142440279549919
0.139336796826683
0.167236513737589
0.112028573732823
0.132193816849031
0.100650948402472
0.154315870977007
0.127947746007703
0.162349445652217
0.104204880120233
0.171978843701072
0.133142018713988
0.143233602843247
0.162159218755551
0.156216319347732
0.167289704014547
0.112486734543927
0.124867360363714
0.183160524070263
0.119273851206526
0.173423588369042
0.146059130574577
0.127028193231672
0.109364313399419
0.127519218833186
0.182939192396589
0.149056328716688
0.188882306125015
0.116073358710855
0.180970294447616
0.106234226422384
0.197458593710326
0.193466372741386
0.153083306737244
0.17431838598568
0.159662249195389
0.173769422806799
0.172735418123193
0.193984773219563
0.103787681623362
0.132084628753364
0.158480070205405
0.131877584964968
0.1018607534701
0.183717788616195
0.159691725228913
0.158073230460286
0.185895115765743
0.166777409054339
0.188433338212781
0.178217127989046
0.129728356865235
0.17101030361373
0.104151828866452
0.130635350383818
0.171272396785207
0.100942223821767
0.112775081419386
0.175449472339824
0.197979769553058
0.165117245563306
0.166216098074801
0.159746516146697
0.14037833281327
0.156143128918484
0.190384376025759
0.189690905460157
0.140528539870866
0.196195305511355
0.156316403043456
0.177190467412584
0.157224256102927
0.139160983939655
0.145571594801731
0.175740647898056
0.195878375624307
0.176579100941308
0.126250388240442
0.161645658337511
0.135381577792577
0.13141802418977
0.133433789783157
0.159815769875422
0.150061656348407
0.181775241438299
0.129746561939828
0.148023274401203
0.135598094156012
0.195941740996204
0.151039125164971
0.131238595861942
0.149056011182256
0.197453154390678
0.135203239507973
0.16856848411262
0.193332332768477
0.149329964886419
0.134554756456055
0.11450902374927
0.131602213159204
0.103620526543818
0.149507479881868
0.195631035673432
0.137823282019235
0.170338469394483
0.170830990257673
0.196851882594638
0.10144720801618
0.159198807599023
0.100213982793503
0.121339277178049
0.186185566755012
0.150569883035496
0.193616228690371
0.189345666649751
0.185477131092921
0.182852748362347
0.158186223334633
0.136623483849689
0.191576390061527
0.143485047481954
0.158797087520361
0.109880629857071
0.103947757836431
0.137619475880638
0.128433265793137
0.184479094482958
0.148002815898508
0.101816928409971
0.162536905100569
0.150576123804785
0.161032094806433
0.113485643267632
0.170299429399893
0.182109894230962
0.188386523211375
0.187892012135126
0.108683932758868
0.124177989340387
0.160731106251478
0.112428325694054
0.174190446198918
0.123032947303727
0.176301236473955
0.192730147368275
0.105395460943691
0.173385029146448
0.152138528134674
0.155166734801605
0.136686938116327
0.17334281783551
0.110657209553756
0.169220015965402
0.125850524986163
0.182345602381974
0.140249796491116
0.128894289769232
0.125910701043904
0.160285748448223
0.111223326879553
0.155224826652557
0.113931494858116
0.118923081946559
0.145600065635517
0.129895277065225
0.135854728822596
0.141708928369917
0.147115207533352
0.183173437672667
0.105116585898213
0.160041478206404
0.123154271673411
0.176482745725662
0.117316422844306
0.150113912462257
0.107654697448015
0.152924016676843
0.134655918763019
0.181078973342665
0.115272579621524
0.10505485998001
0.124098688364029
0.102286645467393
0.166528418846428
0.190135475387797
0.163060903176665
0.176944568194449
0.135986360465176
0.121741207130253
0.176097390358336
0.190545852971263
0.195425598649308
0.187847879179753
0.133380402275361
0.118700797692873
0.16739536379464
0.134940512408502
0.136172766680829
0.19372411784716
0.193122091935948
0.163794354186393
0.185196734964848
0.185601255111396
0.127075635292567
0.108961097639985
0.137230374314822
0.106990338489413
0.136913441843353
0.150809057522565
0.192088129441254
0.166808273154311
0.193086228799075
0.102518294216134
0.145074759912677
0.115387532976456
0.195349530573003
0.168778829555959
0.138352596526966
0.113992349244654
0.164475564192981
0.161122695496306
0.190815372369252
0.165031898557208
0.119021259760484
0.172845887555741
0.137753686658107
0.139539925684221
0.141032680147328
0.148028997215442
0.188012835010886
0.16809287967626
0.154801508574747
0.116028954368085
0.174890511087142
0.145247158850543
0.102542690583505
0.173052970739081
0.180295298038982
0.182502082572319
0.129947027261369
0.176329509285279
0.120904832612723
0.155693238531239
0.123316692747176
0.19878216991201
0.11030461541377
0.133161868527532
0.156179913133383
0.180019500525668
0.195909441821277
0.141183018684387
0.183096569776535
0.147724923421629
0.129753048019484
0.150062723294832
0.114047381887212
0.164258101815358
0.197534112795256
0.13205586457625
0.106817760597914
0.151831280183978
0.184351530787535
0.117315012426116
0.191492282995023
0.155182544118725
0.134923936752602
0.122620137524791
0.180664950236678
0.146801842725836
0.173099106550217
0.106976702390239
0.163540830858983
0.142076071049087
0.139900259044953
0.10936904058326
0.189888863777742
0.187700986093842
0.113674781913869
0.11162856630981
0.194506006501615
0.103798608458601
0.105171366035938
0.152563692070544
0.117693099216558
0.109281599381939
0.104769482300617
0.142045694496483
0.156054079625756
0.191294787451625
0.184606518642977
0.115547583810985
0.134490344231017
0.18434163867496
0.140984839457087
0.164485719101504
0.14367929303553
0.146954734344035
0.128884623805061
0.169849191908725
0.190459153312258
0.154063745425083
0.125825600768439
0.1244578381069
0.106278264080174
0.129434466222301
0.153950820700265
0.189393957727589
0.129447482200339
0.14842732725665
0.198133408022113
0.111209484748542
0.149731222190894
0.101194695546292
0.109069212782197
0.167582311970182
0.139697941369377
0.166704561864026
0.132874144497328
0.167503756727092
0.144893544795923
0.10161614685785
0.198766071279533
0.178376753046177
0.199293202231638
0.172426313790493
0.184496262553148
0.146449514315464
0.117277014139108
0.1531009278493
0.150506744440645
0.163699728250504
0.159526670305058
0.199046032479964
0.131913776695728
0.16668843193911
0.196061076433398
0.152740883873776
0.19126799996011
0.159487885865383
0.16225608701352
0.117373601533473
0.143130436772481
0.138224525516853
0.151923329476267
0.102781493915245
0.190917303296737
0.142034551268443
0.166259219730273
0.157035172660835
0.104218852845952
0.126766026508994
0.182084396039136
0.173090791492723
0.196129541215487
0.146496747573838
0.157904159743339
0.112899314123206
0.10155851256568
0.132136630173773
0.158581327064894
0.120006863866001
0.132009396585636
0.138321763253771
0.150774860335514
0.128539536637254
0.180985303083435
0.107964069070295
0.160252876603045
0.134276952571236
0.10947761698626
0.191147783421911
0.191770148137584
0.149734659004025
0.104414961277507
0.185801594262011
0.19522238955833
0.143946633441374
0.125108523946255
0.112463391339406
0.196235012682155
0.144054162153043
0.116723481635563
0.178550257231109
0.177034583548084
0.135066892765462
0.105866610165685
0.193593046860769
0.168592397472821
0.18831342512276
0.131050961627625
0.184874700778164
0.176135630812496
0.125453900685534
0.103359461901709
0.193908843537793
0.139042803412303
0.109200188191608
0.162664941768162
0.140778206731193
0.146335480501875
0.141668624058366
0.115699301892892
0.160542360437103
0.196259134775028
0.187296739011072
0.167402487667277
0.180047837388702
0.153483502566814
0.161990990163758
0.148378541204147
0.109025446581654
0.196057235589251
0.110178563906811
0.158998825773597
0.16248701652512
0.126599232293665
0.101549899647944
0.19473582978826
0.165075298468582
0.111040824558586
0.122859402676113
0.151051409146748
0.152092876425013
0.19878331264481
0.179112255596556
0.139990341826342
0.175064050080255
0.10865975774359
0.169234397052787
0.163748960057274
0.168557208427228
0.173189616040327
0.103168696630746
0.163221495179459
0.10827268389985
0.147250920650549
0.103397750807926
0.172437044233084
0.100354447588325
0.198665825114585
0.120432603335939
0.116750626964495
0.113349540880881
0.150220770877786
0.135183845506981
0.154645777167752
0.188397257751785
0.185685065691359
0.167876879777759
0.189486560877413
0.109058675263077
0.185115620004945
0.178521196567453
0.129259156738408
0.190988500439562
0.118254960887134
0.132225090521388
0.114919148455374
0.177223703917116
0.196960741351359
0.118865324323997
0.119693662878126
0.195843727933243
0.151027837651782
0.17201927609276
0.114221122395247
0.142118463641964
0.176600239868276
0.179279189766385
0.113175092590973
0.182814697618596
0.165712152654305
0.15572065373417
0.158405963308178
0.100558846094646
0.149932080623694
0.14897817899473
0.156460768915713
0.151227751094848
0.174784427974373
0.191778535931371
0.110771092493087
0.178892872133292
0.135906309890561
0.149792642518878
0.161822599172592
0.114297843910754
0.118098809430376
0.194811187381856
0.132902477146126
0.197029284224845
0.114500898984261
0.110973868146539
0.180774781689979
0.152248539915308
0.145706915878691
0.186062640091404
0.105065499711782
0.163241199962795
0.113932184525765
0.173432978149503
0.130011824215762
0.15027874703519
0.170486988639459
0.109567081206478
0.103596286312677
0.174903100333177
0.154265024885535
0.169847793923691
0.106462637172081
0.196045645186678
0.176382215623744
0.193979049427435
0.106238820543513
0.134340152726509
0.107246952317655
0.113353790459223
0.11815127725713
0.149995596567169
0.103931766049936
0.192153863026761
0.12638005418703
0.125867003784515
0.107247659494169
0.161875889799558
0.159697845787741
0.121913981856778
0.16299406492617
0.125175893562846
0.111695012892596
0.105365379201248
0.159601393225603
0.146127077005804
0.143197224102914
0.125400179927237
0.10793466642499
0.165343943191692
0.17079349453561
0.109416912309825
0.196260710409842
0.112625797884539
0.154259183467366
0.101597967627458
0.103269010432996
0.187622659653425
0.153363033407368
0.148015993484296
0.132718753651716
0.113035078649409
0.131245993706398
0.140609969641082
0.196833651768975
0.185933169978671
0.184167861868627
0.131550725898705
0.117517836391926
0.194925580034032
0.182535235956311
0.124712507729419
0.18605486555025
0.123570929095149
0.152100594341755
0.151128761679865
0.101161454129033
0.143304890487343
0.175139924464747
0.185392995015718
0.102403334132396
0.154970219032839
0.137509597209282
0.175117214513011
0.161923825368285
0.113373759784736
0.137513084197417
0.12951199086383
0.182799621997401
0.139006541646086
0.142157998401672
0.143867529556155
0.12265600154642
0.16826675219927
0.181324788648635
0.147006381256506
0.146501171542332
0.172726143710315
0.137258257786743
0.184406976751052
0.182069856883027
0.158295100182295
0.170440085045993
0.19254699992016
0.125665397150442
0.18217245999258
0.151115155150183
0.140038467640989
0.19374489064794
0.188819835009053
0.169038866786286
0.136973002366722
0.175080299843103
0.120881755277514
0.179731557122432
0.170275184861384
0.14993377616629
0.119209696957842
0.154863893194124
0.114000042364933
0.157663993630558
0.162068268749863
0.15976663720794
0.146220762236044
0.195429697912186
0.161157934996299
0.1462831444107
0.156681906012818
0.106108477339149
0.181639836030081
0.150454611866735
0.146055926755071
0.174140873877332
0.115882657375187
0.111241937126033
0.117505578091368
0.188565960619599
0.105401433748193
0.121663492941298
0.113752588327043
0.150519648054615
0.102378166932613
0.156015270506032
0.121709159994498
0.106561757600866
0.165470411232673
0.195057566161267
0.121740256436169
0.14740001715254
0.1222009079298
0.100372316036373
0.114367302181199
0.185065810848027
0.166710769175552
0.14188056869898
0.110876733995974
0.152958519151434
0.113216127501801
0.167973952321336
0.123111242684536
0.175214829947799
0.121887987502851
0.134369277209044
0.120697851409204
0.1508709625341
0.15540209771134
0.118048047693446
0.125655380799435
0.123011066671461
0.167490944243036
0.119549037516117
0.162528509087861
0.152391441049986
0.1776381514268
0.125243519572541
0.140727140475065
0.151632065349258
0.150101022655144
0.162070725206286
0.122216375404969
0.134989437973127
0.178251971234567
0.100806413311511
0.124034370668232
0.129624551371671
0.152561525069177
0.197224220493808
0.160753838228993
0.141003309260123
0.122990487981588
0.17452342978213
0.184310697461478
0.170287989266217
0.184060450061224
0.131532739312388
0.143595638195984
0.157098506204784
0.166730422643013
0.195257640443742
0.194322795909829
0.114846558007412
0.105106236436404
0.183131858031265
0.186103158211336
0.167162661231123
0.119420078932308
0.101025602431037
0.100521992892027
0.167679959046654
0.194824030064046
0.17636119176168
0.194586209696718
0.125730426213704
0.175547362188809
0.166416854225099
0.124386347201653
0.174101585126482
0.177486324077472
0.176170133496635
0.10884923117701
0.199887096649036
0.196792890643701
0.149558143131435
0.146774166822433
0.114929068600759
0.119028237531893
0.151785059412941
0.130145585653372
0.100281125400215
0.105027668713592
0.104647662118077
0.121529437438585
0.199429622804746
0.114754225406796
0.125363802164793
0.158384291850962
0.102821040013805
0.166849771607667
0.139632315794006
0.109689144208096
0.191523753176443
0.144366518873721
0.149664103239775
0.166924695530906
0.113306089746766
0.121440149680711
0.161584883579053
0.138259850116447
0.143376139458269
0.1155699998606
0.102544629015028
0.191491654817946
0.125641917414032
0.118738700984977
0.136060388013721
0.105802002060227
0.13757300383877
0.125008241878822
0.143609073990956
0.142507061338983
0.121828013472259
0.123622603621334
0.125616156449541
0.161255764611997
0.130871660471894
0.175964717427269
0.11425754672382
0.132895484496839
0.191046103904955
0.150543944863603
0.120401986245997
0.177274080156349
0.105288299988024
0.10721933208406
0.187576464051381
0.10529073944781
0.139690033835359
0.142803417821415
0.101242953795008
0.143277476262301
0.170128609170206
0.143259983300231
0.126478385040537
0.190669758454897
0.154413042240776
0.130026618391275
0.139540356420912
0.164484825287946
0.119317976478487
0.116338952630758
0.144250975153409
0.166026335139759
0.125107332644984
0.18392427531071
0.176948955398984
0.16571797307115
0.123493585269898
0.119457558984868
0.113469033851288
0.156918439571746
0.181757278670557
0.190354625065811
0.100837428122759
0.188926196051762
0.158026448823512
0.169528852053918
0.171436467161402
0.130559096997604
0.195337148057297
0.158896757732146
0.147987062158063
0.131855357252061
0.197396888607182
0.101177502120845
0.181073488178663
0.128593739354983
0.163440773799084
0.157704109651968
0.138307827082463
0.119068599212915
0.100471476465464
0.166901461686939
0.130630099470727
0.143588083283976
0.163506786664948
0.129591878224164
0.132455674302764
0.155287540773861
0.190975260408595
0.142143144505098
0.161841625440866
0.195068142493255
0.173352776630782
0.188673321926035
0.101990017620847
0.172868286701851
0.179815950617194
0.178276438126341
0.148127523367293
0.144408616051078
0.149476500088349
0.116319268592633
0.141035600402392
0.196039954363368
0.103738704998977
0.123498496715911
0.178960368968546
0.138619794207625
0.131764413113706
0.136599442176521
0.106805084063672
0.185108001250774
0.104728738148697
0.197967802314088
0.160334952059202
0.136109298327938
0.136124212061986
0.161379770492204
0.115620446833782
0.180411451822147
0.182239613123238
0.129882558761165
0.177157178591006
0.127515564439818
0.129466272890568
0.122201910498552
0.148464101180434
0.11163460125681
0.135931037552655
0.154769323021173
0.150658281869255
0.159214689768851
0.162852890253998
0.117439287877642
0.159803565149195
0.192197920032777
0.137098967703059
0.187321074772626
0.176995991170406
0.180347091006115
0.196301492163911
0.184480539755896
0.107632677443326
0.128428523079492
0.180882633454166
0.148191335541196
0.137678619660437
0.183809066610411
0.198976527526975
0.115761346300133
0.136618615407497
0.108418736304156
0.16872289928142
0.107591563160531
0.126827725558542
0.114560955367051
0.121757350070402
0.107559756212868
0.135967523208819
0.154412949457765
0.127963746478781
0.192885508015752
0.142337609874085
0.177065281942487
0.193111629062332
0.175915641477332
0.193831713404506
0.160613361489959
0.192130993516184
0.13320871531032
0.190064547513612
0.186301016039215
0.168981900252402
0.185953326337039
0.12456397775095
0.151932491804473
0.196953703602776
0.122281080414541
0.187187858787365
0.138492359314114
0.135990327736363
0.128166300104931
0.138799286307767
0.169661829131655
0.129320810455829
0.109138124180026
0.182538098632358
0.183384296298027
0.167172039649449
0.174067763262428
0.130164638743736
0.166724754311144
0.197917685192078
0.161757789645344
0.199686315772124
0.144479158194736
0.109454537043348
0.193553997552954
0.113958589034155
0.171227386430837
0.110255214478821
0.105964829563163
0.181390906916931
0.108382807346061
0.196228789701127
0.112141119781882
0.164035985246301
0.18183353645727
0.163263362157159
0.139695058646612
0.122311462345533
0.153773261094466
0.188794972468168
0.117233955580741
0.184304312849417
0.125893126823939
0.191432566032745
0.197687370888889
0.184624103270471
0.105766993830912
0.137282622070052
0.139581094565801
0.141174319176935
0.101416819682345
0.141382778808475
0.17526862276718
0.192540885857306
0.135251409490593
0.162228331645019
0.171269495086744
0.105310643953271
0.111530522210523
0.107851306488737
0.18640994199086
0.121644160733558
0.119161074608564
0.169628285826184
0.136134349554777
0.1193008183036
0.147672257991508
0.11676629295107
0.182909717224538
0.109597654291429
0.195060888491571
0.131459408602677
0.198380866879597
0.194358436437324
0.184535826183856
0.114585331967101
0.197103514103219
0.139583871187642
0.156827140040696
0.192835301416926
0.184334009559825
0.172095399978571
0.10105251071509
0.109102821350098
0.199025071039796
0.178120356262662
0.178286447795108
0.102410737401806
0.175882672541775
0.123042528890073
0.196475936542265
0.122195490193553
0.12316585148219
0.186700588674285
0.19119907845743
0.165010285866447
0.16088999051135
0.192143092234619
0.14271819088608
0.116902156546712
0.101590090524405
0.103054172778502
0.139450961281545
0.132638516230509
0.167409639456309
0.155629399721511
0.143368993233889
0.145389074739069
0.104003987181932
0.14235319616273
0.10150595062878
0.13699205305893
0.120671986765228
0.121539543382823
0.166340434947051
0.106416301662102
0.169857772090472
0.19479956892319
0.173071380029432
0.153358505130745
0.191764409653842
0.145307361590676
0.165724172419868
0.180220192484558
0.186565832071938
0.100671675801277
0.159369840938598
0.182087247399613
0.179400193155743
0.128595460858196
0.123379476135597
0.170334849040955
0.168876857543364
0.106235964107327
0.178662351937965
0.17285059785936
0.11426299251616
0.158001066371799
0.156032518297434
0.196670995932072
0.132435586629435
0.148248553508893
0.176313977921382
0.177965059899725
0.109749829513021
0.146779968845658
0.173714846814983
0.138044305169024
0.131359057640657
0.194763894076459
0.116006308770739
0.124018091522157
0.183541010436602
0.100514409109019
0.114820407377556
0.197709912247956
0.112281113001518
0.167438923637383
0.143717311834916
0.105335804983042
0.122076765424572
0.116009482159279
0.134394083777443
0.197879544249736
0.13338633812964
0.163655722583644
0.191963365860283
0.148065743525513
0.131551278429106
0.173580365418457
0.164115935121663
0.199318322981708
0.111480656638742
0.152115124417469
0.182868171716109
0.149398922454566
0.14530752892606
0.144659595633857
0.193709589005448
0.180385194695555
0.151902797375806
0.152215027948841
0.125776121369563
0.151445539738052
0.120285984245129
0.17722182800062
0.117501186998561
0.136375679704361
0.159026387287304
0.129532229388133
0.133358301362023
0.169884670642205
0.131229632208124
0.101471856376156
0.142276360769756
0.183961624768563
0.193760718870908
0.173077754699625
0.112020028289407
0.106100728013553
0.129663512390107
0.171300527243875
0.141913004009984
0.158763133641332
0.127509571635164
0.187625648709945
0.166256168228574
0.189712826651521
0.177212341083214
0.185465705650859
0.122044330998324
0.138783960859291
0.149560339353047
0.174326599063352
0.129983396874741
0.163414846290834
0.168707199348137
0.149521197192371
0.187028853152879
0.103971737483516
0.121796381240711
0.160845128051005
0.129450167762116
0.185550714982674
0.110251615103334
0.109724126686342
0.145278101298027
0.190029715630226
0.145507045229897
0.197789244097658
0.194821399450302
0.186273063370027
0.141063238540664
0.139339662040584
0.193424770841375
0.100823843991384
0.169589726859704
0.118915943731554
0.160557623463683
0.139938325737603
0.122472595144063
0.137205293611623
0.133205320872366
0.172975220275112
0.125854937476106
0.196743771363981
0.188755946164019
0.184322954295203
0.100880924193189
0.192950817616656
0.101740978867747
0.106059615570121
0.176033265027218
0.160203948337585
0.124136629514396
0.152256939187646
0.106915665767156
0.10601768232882
0.119108370505273
0.178493638406508
0.199205100862309
0.128908228245564
0.102319249673747
0.132191285421141
0.106378688104451
0.157415446825325
0.196335803437978
0.124033645563759
0.143150506168604
0.128627543081529
0.104635619535111
0.192481427104212
0.148167082318105
0.166548152128235
0.175386839429848
0.195572158670984
0.141043048747815
0.141834429977462
0.152084868657403
0.176924838637933
0.103345673228614
0.129588544229046
0.151655294699594
0.145659897197038
0.138519160076976
0.124152438226156
0.158943817624822
0.177222308050841
0.108775276946835
0.193612076458521
0.116968750581145
0.10716726614628
0.106620523659512
0.126480911113322
0.176835719309747
0.144862527563237
0.169580228626728
0.13920533421915
0.108478860021569
0.110221638414077
0.119784562056884
0.128335872478783
0.149356603296474
0.187835614010692
0.168080681026913
0.199024998839013
0.115707279625349
0.102221554354765
0.105058328597806
0.184540509525687
0.166659063939005
0.112277714814991
0.149578660423867
0.148978706775233
0.195780100882985
0.172229783330113
0.135339686926454
0.188020077301189
0.198064006702043
0.138500747922808
0.187724303454161
0.120188924646936
0.148774216976017
0.138620765763335
0.102695516310632
0.173380505898967
0.191493757115677
0.129886665940285
0.123690243787132
0.14304451236967
0.135437898384407
0.125164437107742
0.14443256969098
0.135107331699692
0.10579658083152
0.193538295617327
0.118233223538846
0.171052800770849
0.17668635006994
0.191081631951965
0.103747099125758
0.183647021302022
0.171713093155995
0.172783133061603
0.170989358029328
0.166603882028721
0.154580007423647
0.129948522336781
0.100767387775704
0.108041061204858
0.117229516594671
0.15800936347805
0.169745384692214
0.103298306302167
0.112811948242597
0.131486909138039
0.1937966856407
0.167456309404224
0.101236336072907
0.196227848948911
0.134205480245873
0.191977176419459
0.158041539811529
0.151971109234728
0.17460064298939
0.134567214665003
0.176130336592905
0.124698942527175
0.15678238037508
0.166571796266362
0.144028160860762
0.112951877387241
0.174999140994623
0.154388953582384
0.10105540046934
0.146990246581845
0.128859609994106
0.141653211554512
0.16732350368984
0.174927965737879
0.120353922178037
0.157947714207694
0.178549860836938
0.199057535012253
0.195463993540034
0.110328546585515
0.150717443530448
0.145839065429755
0.180713599687442
0.195639112265781
0.13966875190381
0.140139321470633
0.115034370869398
0.138148603681475
0.102850470202975
0.119720904924907
0.162999957427382
0.137892001867294
0.123815865837969
0.10091856806539
0.109463914460503
0.120992629951797
0.125154979177751
0.166652926173992
0.18120737534482
0.127020813897252
0.132465696940199
0.185566032491624
0.101848320569843
0.13313799763564
0.141592966881581
0.155824106512591
0.131250585149974
0.185323296231218
0.117123761819676
0.136801259405911
0.135262423846871
0.128497546561994
0.148860928718932
0.176925104460679
0.164078620448709
0.187782068038359
0.171932777506299
0.128653626097366
