0
0.0374424779927358
0.0414570672670379
0.0481641557998955
0.0340336386207491
0.0479677936993539
0.048893505372107
0.0432159558497369
0.0425822808779776
0.0312357254093513
0.034119491497986
0.0335311350505799
0.0437404569331557
0.0376820743642747
0.0453968283999711
0.0399539848417044
0.0443523701652885
0.0498381218966097
0.0376007035886869
0.0455489044263959
0.0486941046221182
0.0342428504256532
0.0430334753217176
0.0325111019192263
0.0353444133745506
0.0377222818508744
0.0302678066631779
0.0376477591414005
0.0473938169144094
0.0368069799337536
0.0396416023094207
0.0419913165085018
0.0398708261409774
0.0337243520282209
0.0465474663721398
0.0433693347638473
0.0458847972145304
0.0321588725177571
0.0444742189208046
0.0382254885928705
0.0464189258823171
0.0429412038763985
0.0456586552457884
0.0410607262328267
0.0405943916039541
0.0457871246337891
0.0304666240466759
0.0395446013007313
0.044646274773404
0.0438546311296523
0.0395523924427107
0.047224189536646
0.0387619421444833
0.0348959455406293
0.031413580942899
0.0319893232034519
0.036325434143655
0.0403726852638647
0.043240101528354
0.0381366037437692
0.0482575184851885
0.0358720674552023
0.0391813145251945
0.0366478934837505
0.0430174093414098
0.035160335614346
0.0395709049655125
0.0453262134129181
0.0316849382873625
0.0475064266007394
0.0367814587568864
0.0467888070037588
0.036933669783175
0.0366754986159503
0.039527024901472
0.0478439667169005
0.0472867894126102
0.037799790869467
0.0455464139766991
0.0492123599443585
0.0386931896954775
0.0442502935742959
0.037999887377955
0.0365070430375636
0.0451417429605499
0.0340538451028988
0.0442224244493991
0.0324338384205475
0.0349097702791914
0.0328660875884816
0.0347925883019343
0.0311786875454709
0.0428457651706412
0.0475253842538223
0.0455782935488969
0.0459461765177548
0.0391054890723899
0.0382016816409305
0.0462174048554152
0.0420986658055335
0.0430944785615429
0.0370639454387128
0.0354052029177546
0.049853681223467
0.0426698652887717
0.0342641627043486
0.0325874469615519
0.03956236068625
0.0484814893966541
0.0419752193428576
0.0495234138984233
0.0446358502376825
0.0371345382416621
0.0386294738110155
0.0329642312135547
0.0302615515096113
0.0443113213218749
0.0320636847149581
0.0389256869722158
0.0428020209027454
0.0498367724008858
0.039911871557124
0.0396869904873893
0.0334688466973603
0.0450964188901708
0.0390779097843915
0.0402233956754208
0.0341509022656828
0.0345731628546491
0.0419142399262637
0.0414974439656362
0.0315412876056507
0.0307108115917072
0.0428559098439291
0.0485723039926961
0.0419618484470993
0.0412180149601772
0.0405205544782802
0.0497019044775516
0.0401528364466503
0.0436557615734637
0.0420308243529871
0.0347773735551164
0.0351633185334504
0.0445861924672499
0.0390514166280627
0.0335025353683159
0.0449339653924108
0.0320997528079897
0.0472908989805728
0.0422928994335234
0.0411431907769293
0.0365755463810638
0.0390626289090142
0.0400088194524869
0.0336173272226006
0.0405926120560616
0.0315055149141699
0.0355551186529919
0.0342539903847501
0.0356958096195012
0.0479018820589408
0.038924706466496
0.0455996977956966
0.0476123806973919
0.0382624841900542
0.0312761696102098
0.0367097498336807
0.0444745189324021
0.0367523066699505
0.0426082824496552
0.0468122910801321
0.0471226332942024
0.0378271856205538
0.0376098777120933
0.0479089085198939
0.0428863152582198
0.0448215729743242
0.0421060689305887
0.0480616322299466
0.0358746031019837
0.0338252021977678
0.0477290188660845
0.0400667897146195
0.0475411508604884
0.0337838724488393
0.0451620610477403
0.0444899778533727
0.0488744963658974
0.0409529317403212
0.0442348773544654
0.0377781019965187
0.0320174625236541
0.0485460417717695
0.0356646500062197
0.0418114631762728
0.0322072120988742
0.0468101406423375
0.0363592736888677
0.045657026739791
0.0353501641470939
0.0343729056976736
0.0403359367279336
0.0353790118405595
0.0336233665468171
0.0403715227497742
0.0412556587159634
0.0325831370893866
0.0351273520803079
0.0443587055196986
0.0492281987285242
0.0320028169313446
0.0452644537901506
0.0489593270933256
0.0463726937677711
0.0361658466141671
0.0429915892099962
0.0490671090222895
0.0490746530005708
0.0367995840683579
0.0352494822023436
0.0333090786635876
0.0364433611324057
0.0402025041310117
0.0484793694270775
0.0402191939670593
0.0351524252165109
0.0309292177390307
0.0383571251668036
0.0470800300454721
0.0369446135545149
0.0326288464106619
0.037489737290889
0.0426284045679495
0.0378015786735341
0.0437925569759682
0.0437882682494819
0.0410980124631897
0.0385924881557003
0.039054401256144
0.0361288651777431
0.0415670788800344
0.0482074060849845
0.0328520816424862
0.0383009525062516
0.0342185150133446
0.0385750074172393
0.0326537995040417
0.0392019289173186
0.0488591411849484
0.0452394772320986
0.048658196576871
0.03941356995143
0.0420717613538727
0.0396997936116531
0.0321761263301596
0.0349545366596431
0.039970290614292
0.0374573341617361
0.0486938274046406
0.040479721557349
0.0363428934337571
0.0355593205895275
0.0457508101547137
0.0440492502506822
0.0333005527732894
0.0312891507754102
0.0450941124325618
0.0424082006607205
0.0333915353333578
0.0312442810460925
0.0321805853722617
0.037634327034466
0.0333862182917073
0.0359730508411303
0.033844190700911
0.0351434004260227
0.0336246364563704
0.0395462741935626
0.0454147408576682
0.0305557424481958
0.0405462155397981
0.0476063813781366
0.0374612674396485
0.030959182633087
0.0327725649345666
0.0364298424078152
0.0330966322263703
0.0326445634430274
0.0344261185545474
0.0345276159234345
0.0326283306768164
0.0496312692062929
0.0365402745362371
0.0401387899415568
0.0436288502952084
0.0319833820639178
0.03237805116456
0.0310087931901217
0.0485850783949718
0.0434742446569726
0.0318971571093425
0.0398519224161282
0.0392310368129984
0.0375043306173757
0.0498219843907282
0.0335270142741501
0.0462687041703612
0.0313689327426255
0.0380089949350804
0.0328228865144774
0.0338661972479895
0.0468270343355835
0.0443982797674835
0.0353442416619509
0.0399000328965485
0.0316622779564932
0.0370776848122478
0.0493841761071235
0.0424942837934941
0.0432923649949953
0.0362497931299731
0.0381137922545895
0.0499215474305674
0.0471016471274197
0.0490709679201245
0.0462461018469185
0.0456436423165724
0.0353575625782832
0.0452430305909365
0.0497262317826971
0.0358721109805629
0.037987022139132
0.0462426304770634
0.0315430333837867
0.0372739361971617
0.0388518493436277
0.033134282650426
0.0416441054036841
0.0494032435771078
0.0497899966686964
0.033529040729627
0.0408426084881648
0.0376860778406262
0.043523281016387
0.0353858755948022
0.0393850188469514
0.0334360016463324
0.0373837892478332
0.0445081054512411
0.0397229820862412
0.0312760493345559
0.0456909245997667
0.0383664327161387
0.0496203616959974
0.0356576791172847
0.0469576429901645
0.0316447846172377
0.0477291750116274
0.0394386146171019
0.0321820192690939
0.0366655596904457
0.0467483313847333
0.0355369968339801
0.0417407028283924
0.0467346453946084
0.0314230804797262
0.0440555748669431
0.0439764907443896
0.039279247620143
0.0387386222090572
0.0412435357552022
0.0485696645267308
0.0346093282848597
0.0344362750882283
0.0384043178660795
0.0366704161139205
0.0472961510065943
0.0335438907146454
0.039866374572739
0.0385942673357204
0.0412852768599987
0.0431232463102788
0.0495710812555626
0.0346432229690254
0.0348162319231778
0.0459367216797546
0.0466334343003109
0.0322701541287825
0.0492662403266877
0.0329464579932392
0.0328725388552994
0.0485045987041667
0.0401407120516524
0.0330970203410834
0.0369660410424694
0.0431964205158874
0.0362354474887252
0.0370314681855962
0.0329569141380489
0.0431775521812961
0.0337013992900029
0.0490875627379865
0.0479569698404521
0.0488739410880953
0.0444738150248304
0.0374071413185447
0.0456203508051112
0.0302229901729152
0.0488061742438003
0.0498749845242128
0.03714811490383
0.044952701269649
0.0458581804763526
0.0441171801276505
0.039516500774771
0.0398930905200541
0.0361610489757732
0.0439002449251711
0.0464558661123738
0.0386943528149277
0.0402946530561894
0.0432602193532512
0.0328633317304775
0.0368897478748113
0.0381152716465294
0.0317062201164663
0.0486514385649934
0.0467676813341677
0.0475886659231037
0.0487142493529245
0.0314492126693949
0.0375751888100058
0.0407572984555736
0.03210100277327
0.0460337541112676
0.0447928349161521
0.0310429802676663
0.0396433914639056
0.0484103568131104
0.0308305685780942
0.035879835980013
0.040017009745352
0.0421949787018821
0.0352849809918553
0.0384619721909985
0.0373312723264098
0.0488501064479351
0.032474471302703
0.0314006535848603
0.0492863407591358
0.0388502021646127
0.0374054476059973
0.0334048716025427
0.031083808587864
0.0431565613858402
0.0415632383339107
0.0497420352790505
0.0420758480299264
0.0312989983754232
0.0332421816373244
0.0395079584093764
0.0300386566948146
0.0388291828613728
0.0352185947448015
0.0487682749098167
0.0443166656745598
0.0332617095671594
0.0395237603690475
0.0438051344593987
0.0392179035907611
0.0491029347665608
0.0442508024489507
0.0379429586650804
0.0323544122418389
0.0348023254610598
0.0472726113302633
0.0387195280333981
0.0399573610397056
0.0438385534426197
0.0452062656357884
0.033108024452813
0.0469891418609768
0.0489363563805819
0.0417683838075027
0.0400450163055211
0.0337955983541906
0.0300367371644825
0.0475515612447634
0.0326822267565876
0.0304548244830221
0.048782734121196
0.0358589744567871
0.0332865314884111
0.0379820511164144
0.0391915082419291
0.0386806169711053
0.0403401965275407
0.0469249150529504
0.0311032857280225
0.0410835412237793
0.0437655047513545
0.043161151073873
0.0432668545050547
0.0394446840509772
0.0493905633222312
0.0380439412547275
0.0469910420756787
0.0451328981481493
0.040652024387382
0.0474829932162538
0.0393423023121431
0.0301625691074878
0.0445553400926292
0.0443317895755172
0.0337485274206847
0.0429213455365971
0.0408395855966955
0.0367064151959494
0.0427581744641066
0.0465840212767944
0.0441795039689168
0.0369710070174187
0.0325665574986488
0.0377615697775036
0.0485635509667918
0.04608781542629
0.0451739361416549
0.0491449977783486
0.0498782775737345
0.0421288198931143
0.0305875433096662
0.036728907157667
0.0355531617347151
0.0323439510026947
0.030864365180023
0.0374061957141384
0.0367375661758706
0.0334730510693043
0.042435465590097
0.0379568725498393
0.0491135153733194
0.0430669888621196
0.0365748743340373
0.0339429342700169
0.0323068464966491
0.0499193095741794
0.0375855345046148
0.0412397618545219
0.0446543603530154
0.0474161110585555
0.0414434051932767
0.0302207214199007
0.0481263052253053
0.0454130726307631
0.0376500924676657
0.0318809177773073
0.0309930716780946
0.0464232463622466
0.0465864860871807
0.0430946575151756
0.032656556260772
0.0368361980235204
0.0446274315798655
0.0481458283215761
0.0439239399880171
0.0348315844452009
0.0428821445722133
0.0356150042731315
0.0491527304146439
0.0331679191347212
0.0383667798340321
0.035040195947513
0.0318878053547814
0.0465543553931639
0.0405061100749299
0.0433549525495619
0.0381655551958829
0.0468517980678007
0.0447461093589663
0.0369644880201668
0.0489787635486573
0.0429335837997496
0.0307055553374812
0.0419289691140875
0.0383063600305468
0.0315379407629371
0.0405609775846824
0.0492466661706567
0.0441748010227457
0.0410695140715688
0.0348591321799904
0.0455608505802229
0.0430388188688084
0.0466049140784889
0.0429710189485922
0.0395967158861458
0.0399012821121141
0.0375974518293515
0.0390097087435424
0.0462850350094959
0.0485755445156246
0.0329496209044009
0.0449964332999662
0.0495131469937041
0.0494958492694423
0.0370125114032999
0.0378789811395109
0.0490190201811492
0.0321329663926736
0.0486952023301274
0.0369232419971377
0.0406612121174112
0.0407758859870955
0.0442943589948118
0.0381158100022003
0.0330557628255337
0.0368046552268788
0.0425330969505012
0.0311474535660818
0.0470333527959883
0.0342529069166631
0.0407892405567691
0.0327297517238185
0.0364973028097302
0.0424215258751065
0.0351196449715644
0.0426975159766153
0.0397134421393275
0.0487635383335873
0.0471500307414681
0.0374176707537845
0.0362840365990996
0.0465706871962175
0.0390368302632123
0.0363175682444125
0.0319561707507819
0.0312980107311159
0.0437891473295167
0.0433610120788217
0.0480909329559654
0.0360338654089719
0.0486561740934849
0.0340396603476256
0.0458475751196966
0.0344926101760939
0.030615131421946
0.0472406808240339
0.0437021501036361
0.0488414981914684
0.0435170752089471
0.0468624029681087
0.0372378836991265
0.0378473177039996
0.0413537479517981
0.031903042672202
0.033875681431964
0.0417613278608769
0.0450300833629444
0.0473447757447138
0.0374359147436917
0.0459762909915298
0.0311662878515199
0.042468714187853
0.0371328281331807
0.0417585586477071
0.0482756928401068
0.0339888436580077
0.0373816724773496
0.0434281665552408
0.0453628910146654
0.0404449655208737
0.0465615003602579
0.0405419238936156
0.0400350965000689
0.0383994663972408
0.0372459656652063
0.0324685782054439
0.0359632305894047
0.0355335297947749
0.0454045071126893
0.0455636260425672
0.0328757456131279
0.0403105230117217
0.0419448097096756
0.0401168604800478
0.0377219926612452
0.0385219620168209
0.0302351946942508
0.0483866354078054
0.0315887938626111
0.0401474850950763
0.0464034323394299
0.041967908362858
0.0384830705216154
0.0411862054141238
0.0457818894414231
0.0333543051593006
0.0494090346014127
0.0394700619671494
0.048594864117913
0.0480187854077667
0.0450176437571645
0.0435313754482195
0.0429602689156309
0.0314649373944849
0.0384711683681235
0.0406164872832596
0.0488540952466428
0.0442444911878556
0.0444898115098476
0.0394025723543018
0.0324056451162323
0.0456619534175843
0.0387631479417905
0.0386291195964441
0.0305499575799331
0.0329312368575484
0.0384519031597301
0.0453427434852347
0.0300953289074823
0.0420719138300046
0.0481115452107042
0.0441332306386903
0.03525074318517
0.0470215243892744
0.0366721103014424
0.0415656853513792
0.0386554626049474
0.0310319064604118
0.0445960657577962
0.0409634082857519
0.0450244397111237
0.0310154232941568
0.0442993242479861
0.0359538891352713
0.035669544194825
0.0465975425485522
0.0317279075039551
0.0308531423797831
0.0369748161779717
0.040846720202826
0.042189217270352
0.0354274419695139
0.0341046186396852
0.0376326429657638
0.0394511623075232
0.0467103589978069
0.0324294299259782
0.0435161624988541
0.0399337043985724
0.0480447549559176
0.0410252793366089
0.0325712935300544
0.0388401957135648
0.0338459539273754
0.038698012442328
0.034502668059431
0.0492219256423414
0.0389685493009165
0.0455428997054696
0.0331643954897299
0.0473361716512591
0.0341229121154174
0.0335589936608449
0.0332978229271248
0.0413053795462474
0.0445436204224825
0.0475183797813952
0.044168487675488
0.0395492642186582
0.0464055998716503
0.0303322442155331
0.0499222220247611
0.0426978967152536
0.0385695076175034
0.0305678586568683
0.0450666540116072
0.0341726795071736
0.0499891081033275
0.048144983863458
0.0442493006354198
0.0446186576783657
0.039449758422561
0.0472502137394622
0.0333083024481311
0.0424085585121065
0.0358466278994456
0.0391228346759453
0.0309127841796726
0.0335532350419089
0.0311586413579062
0.0488882046705112
0.0368548694858327
0.0403590114135295
0.0425049067055807
0.0347452970733866
0.0403224782878533
0.046130836554803
0.0369652946898714
0.0471737490594387
0.0306887752236798
0.0494199429173023
0.0449022027244791
0.0354651048360392
0.0435421220306307
0.0369589493609965
0.0489404104324058
0.0367724754987285
0.0306342640798539
0.0370717159518972
0.0377424717554823
0.0371389432018623
0.0491993721202016
0.0376747640967369
0.0409267524210736
0.0485064695170149
0.0483371905423701
0.0348546598572284
0.0443418167764321
0.0369789207167923
0.041085667014122
0.044859448261559
0.0463939663721249
0.0473931453004479
0.0307173026865348
0.0344004880683497
0.03733946419321
0.0361139288404956
0.0445566091500223
0.0439945753244683
0.0482012185361236
0.0469120521936566
0.045570892803371
0.0380168685643002
0.0415360931772739
0.0315271889232099
0.0474594970140606
0.0491257147118449
0.0401106215966865
0.0484873272757977
0.0326902706548572
0.0347747400635853
0.0397992524411529
0.0394812019355595
0.0386998831806704
0.0307849792018533
0.0428866203036159
0.0443113440042362
0.0370333344256505
0.0489311349764466
0.044862130144611
0.0310157184069976
0.0496072956174612
0.0343564490508288
0.0307239200407639
0.035214077308774
0.044408315718174
0.0349578836234286
0.0346983158309013
0.030420236857608
0.0352924125548452
0.0438360323896632
0.030693387822248
0.0312557225907221
0.0379541218373924
0.0398005684977397
0.0426209749514237
0.0444680862454698
0.031535315848887
0.0384289216110483
0.049474533717148
0.0462761156680062
0.0344753544591367
0.0397948461165652
0.0302268038596958
0.0351720459386706
0.0390919754374772
0.0448195337643847
0.0498132002353668
0.036644098921679
0.0488958281092346
0.0492370683979243
0.0479855499928817
0.0398543167021126
0.0456987095577642
0.0460623809415847
0.0435553524736315
0.0416255515720695
0.0366133617470041
0.0300262931315228
0.0313160392828286
0.0317190383467823
0.030262194336392
0.0367149124853313
0.0323852863302454
0.0418719089077786
0.0307462535146624
0.0301914358371869
0.0332319225184619
0.0466379797644913
0.045336855086498
0.0354556063283235
0.0337632659776136
0.0345152366952971
0.0312394073512405
0.0311980048194528
0.0329631174076349
0.0314597577182576
0.030857717837207
0.0404492254462093
0.0457846297882497
0.0438950669625774
0.0313315209466964
0.0303591549303383
0.0388431684672833
0.0331520416634157
0.0443772023171186
0.0440788366505876
0.0477045260975137
0.0365052203042433
0.0494176313327625
0.0496964053250849
0.0307836943538859
0.0478714257618412
0.0464479830255732
0.0444848938565701
0.0357784027559683
0.0400389720918611
0.0385669400263578
0.0422003203211352
0.0485222634812817
0.0348024651547894
0.0354376366781071
0.0447000729292631
0.0450309174600989
0.0486118384171277
0.0392546054953709
0.0472138235345483
0.0362407283904031
0.0341607802687213
0.0484165493445471
0.0310547376843169
0.0382231086213142
0.0391268243035302
0.0383172049513087
0.0434070690348744
0.0451380816008896
0.0482330262893811
0.0463990417169407
0.0318729970511049
0.0335581216262653
0.042844291604124
0.0474856598768383
0.0418462670082226
0.0352486438443884
0.0476750452816486
0.0337537869252265
0.0397773396456614
0.0301964097423479
0.0372086808644235
0.0388432338181883
0.0325145844276994
0.042487290953286
0.0360486266342923
0.0347927445638925
0.0371725952718407
0.0478582082502544
0.0498125453013927
0.0446484239492565
0.0498557617655024
0.0407957872422412
0.0386760352365673
0.0492934734839946
0.0329663928644732
0.0313298611156642
0.0304850297607481
0.042248464836739
0.0439321749610826
0.0460228377440944
0.0327546056779102
0.0331956964544952
0.0497766718594357
0.0379729139106348
0.0337582363234833
0.0395545648224652
0.0408846804546192
0.0365631596138701
0.0499986118730158
0.0405556367198005
0.0326746901636943
0.038770801355131
0.0424158787960187
0.0340582482423633
0.0326833954546601
0.0455366799607873
0.0427189969737083
0.0356427259324118
0.0338251891219988
0.035310734398663
0.0406161758583039
0.0436972180800512
0.0376656678738072
0.0490997599670664
0.0323671316122636
0.0307820011069998
0.0400901006581262
0.0415696511045098
0.046786078158766
0.043088899506256
0.048890566797927
0.0402331525925547
0.0316984211839735
0.0498954101884738
0.0380288823973387
0.0479129259334877
0.047537168241106
0.0359296959592029
0.0326518381945789
0.0353182181529701
0.0301145508559421
0.0463920364296064
0.0334932335792109
0.0468616110412404
0.0333342433348298
0.0452803887007758
0.040378761747852
0.0354537060670555
0.0368640627153218
0.0441015068022534
0.0418307060236111
0.0393875807523727
0.0367275321111083
0.049356748573482
0.0429168376745656
0.0339260233845562
0.0371436077030376
0.0402603616425768
0.0476599348103628
0.0330533513054252
0.0346092319488525
0.0332597715687007
0.0422869371809065
0.0400327288778499
0.0337623777613044
0.0381542970519513
0.0416477609379217
0.0361785813001916
0.039619312803261
0.0487878958461806
0.0309208109648898
0.0406972345942631
0.0388532156450674
0.048127309391275
0.0476208476349711
0.0332648223266006
0.0450438153138384
0.0380597440432757
0.0411390538699925
0.0316033856384456
0.0323313718475401
0.0485038512246683
0.0475768848136067
0.0332641525380313
0.040631278026849
0.0485958433663473
0.0365143198752776
0.0332158926175907
0.0489941583573818
0.0392471409728751
0.0344154177466407
0.0300403846520931
0.0423838520655409
0.0380501184426248
0.0480006522126496
0.0401176396897063
0.0445297416206449
0.0305497322976589
0.0375882642623037
0.0377348932437599
0.0367564145056531
0.0372886370262131
0.0427751193940639
0.0306582865491509
0.0439238517684862
0.0463112834934145
0.0401484570698813
0.0322518525179476
0.0481264660228044
0.0382667790632695
0.0394751157565042
0.0442742836009711
0.0348374242102727
0.035992812551558
0.0440895764296874
0.0454334989609197
0.0302768068108708
0.0410262790694833
0.043049223809503
0.0486332141608
0.0438078341027722
0.0350753427809104
0.0382207674020901
0.0324578222632408
0.0326393311144784
0.0428023601649329
0.036928468644619
0.0384551320923492
0.0487881776085123
0.0376777846179903
0.0345717026200145
0.043805573717691
0.0301971583487466
0.0437226178869605
0.0458334919204935
0.0401498697744682
0.0361615249793977
0.0447442455450073
0.0360943048680201
0.045494174035266
0.0322422727569938
0.0459548739995807
0.0398200233466923
0.0466583634959534
0.0451684630988166
0.0480429312167689
0.0355688002612442
0.0389138569962233
0.0354403147147968
0.036598366512917
0.0472720130765811
0.0321971590677276
0.0380451379949227
0.0381215018732473
0.0387295850971714
0.0335400019260123
0.0353146040020511
0.0431910002697259
0.0463211100967601
0.0384236868936568
0.03320128608495
0.035772202545777
0.0460425801668316
0.033284913636744
0.0457958547025919
0.0404842993989587
0.0364007000532001
0.0355035417573527
0.046037960764952
0.0320804886240512
0.0467624453315511
0.0315852574724704
0.0443512813420966
0.0472923565329984
0.0495711641618982
0.0349825241509825
0.030497213806957
0.0344595646392554
0.0324405099917203
0.0377047884976491
0.0316866094898432
0.0356516379956156
0.0413316491758451
0.0365708460472524
0.0488694936549291
0.0375460702786222
0.0490663122478873
0.0354650573525578
0.043746603121981
0.032739836089313
0.0462042154325172
0.0452520938403904
0.0388480966771022
0.0391335138911381
0.043609101776965
0.0314879581797868
0.0429325815010816
0.0457982822321355
0.0344663301343098
0.0308188798092306
0.0376929672667757
0.0368818430788815
0.0389273738441989
0.037736663389951
0.0483663583081216
0.0334803508687764
0.0329974112473428
0.0422639845777303
0.0303448666399345
0.0313222096860409
0.0455767808295786
0.0487131225410849
0.034144082791172
0.0428668631380424
0.0366275915037841
0.049108431818895
0.0463437831401825
0.0448055228637531
0.0344541195360944
0.0309144943300635
0.0373305315850303
0.0448278605006635
0.0486701249983162
0.0434641989972442
0.0440271421475336
0.0469525081571192
0.0441231330996379
0.0471761551918462
0.0389128898223862
0.0435326998401433
0.0325564956525341
0.0447234307043254
0.0313449029671028
0.035616001393646
0.0382323536742479
0.0488684999430552
0.0495468506636098
0.0307773317024112
0.0417545555438846
0.0306002335436642
0.0413056241674349
0.0319645446166396
0.0426058157719672
0.0463700366904959
0.0370008332608268
0.0326796734984964
0.0316188675677404
0.0370088662859052
0.0499254356930032
0.0406593762151897
0.0367179476097226
0.0362846928695217
0.0376524412073195
0.0303709281561896
0.0307307823374867
0.0475702658807859
0.0380412804754451
0.0393876214837655
0.0380467302026227
0.0440418020496145
0.0379832893051207
0.0400391664542258
0.0307394750136882
0.035959514696151
0.049256839635782
0.0487019380927086
0.0492219835473225
0.0458519072830677
0.0450955438567325
0.0313193326024339
0.0327100955834612
0.0324719875119627
0.0452508772164583
0.0480693143187091
0.0380531818047166
0.0336512601561844
0.0374913043808192
0.0401241735462099
0.048270053579472
0.0315329036209732
0.0321949104778469
0.045085344449617
0.0360919755138457
0.044476193129085
0.0346466005779803
0.0378691773395985
0.0401575879380107
0.04879833730869
0.0311575034121051
0.0360953140910715
0.034818480880931
0.0377040687017143
0.0452596671134234
0.0472929399739951
0.0435822243010625
0.0435352541087195
0.0333010503882542
0.0460573485866189
0.0442398686287925
0.0485740617802367
0.0301498920982704
0.0419266330683604
0.0373349136160687
0.0448393431073055
0.0452417478105053
0.0352144591836259
0.0350987176271155
0.0435768161993474
0.0397096132487059
0.0375716906040907
0.0311109596537426
0.0479805179685354
0.046034466275014
0.0396202610014006
0.0306425751838833
0.0402401362452656
0.037462025443092
0.039971433696337
0.0379853147361428
0.0304189388919622
0.0404857805697247
0.033207976995036
0.0341022847034037
0.0495045343134552
0.0493270975025371
0.0452014064462855
0.0315274106431752
0.0403164775203913
0.0420061038900167
0.0387404818180948
0.0300328452233225
0.0387110303621739
0.0400192753784359
0.0433920941222459
0.0438971421355382
0.0456502062873915
0.0327804569108412
0.0332649135449901
0.0451908582029864
0.038874072348699
0.0425933766085655
0.0320902572060004
0.0467109779454768
0.0366789872385561
0.0339903837721795
0.0438909095292911
0.0333175752544776
0.0314792780764401
0.0307647237693891
0.0469204043317586
0.0374709639465436
0.0476142139453441
0.031806355449371
0.039918148224242
0.0450864547211677
0.0421178162610158
0.040568255931139
0.0482041336549446
0.0497145780781284
0.0355948512395844
0.0324698338937014
0.0334875808795914
0.0476267050951719
0.032492565442808
0.035979378093034
0.0332946927985176
0.0314521908899769
0.0347682796418667
0.0443333321064711
0.0429004198359326
0.0315174993313849
0.0334541784413159
0.0329134071571752
0.0378380236867815
0.0346349019883201
0.0412275964580476
0.0416704037319869
0.0319751867651939
0.0331783308275044
0.0484413080802187
0.0471889943815768
0.0481439750688151
0.0323053791280836
0.0307107846811414
0.0417150877509266
0.0362833652971312
0.0411377854831517
0.0370899083092809
0.0328653662325814
0.0413427092554048
0.0366819731565192
0.0324080238118768
0.0351170864840969
0.0370677063288167
0.0466263985866681
0.045664478330873
0.0488030441477895
0.0467839806340635
0.0329797003837302
0.0418135217018425
0.0464792520133778
0.0426377073070034
0.039398599229753
0.0351748180715367
0.0304916070168838
0.0365761625533923
0.0344970696885139
0.0475466367881745
0.0435530840139836
0.0405186660727486
0.0411537332786247
0.0349494334682822
0.0301459354162216
0.0489781287033111
0.0443830027710646
0.0355864908918738
0.0448756571207196
0.04741496801842
0.0376074025034904
0.0443889503180981
0.0347921342076734
0.0429552974831313
0.0495134152146056
0.0375599761586636
0.0392828825721517
0.0462459259154275
0.0398881622636691
0.0310061804531142
0.0326124348118901
0.0332287663221359
0.0317890631966293
0.0380722817638889
0.0312771973572671
0.0412401184486225
0.0367304821591824
0.040812845621258
0.0482646244391799
0.0377376151829958
0.0492053432809189
0.0376937318267301
0.0488320395862684
0.0436127131432295
0.0480528470734134
0.0350759413139895
0.0381219425890595
0.0302849722700194
0.0322089558839798
0.0400307558383793
0.0374305329611525
0.0461183110857382
0.030158456871286
0.0467302411841229
0.0375367835862562
0.0377049706643447
0.0490306115103886
0.0395134847890586
0.0410418758867308
0.0486943265004083
0.0472687251213938
0.0351982896868139
0.0437539966916665
0.0389581449236721
0.0343603255180642
0.0437247363012284
0.0491876405058429
0.0351880896184593
0.0393751998385415
0.0364267911529168
0.0332928562909365
0.0442945545073599
0.0405633150273934
0.0346942936023697
0.0312886332301423
0.0435152699239552
0.0461229072371498
0.0323094247048721
0.0438402884267271
0.0304357245704159
0.0372275341721252
0.0446456009987742
0.0362524608382955
0.0389430610649288
0.0465087813604623
0.0366359093040228
0.0328805033443496
0.0360184150421992
0.0332520359382033
0.0467894315673038
0.0432861495437101
0.032777346111834
0.0365176362777129
0.0466286043776199
0.0464507820876315
0.0329879984073341
0.0384255937905982
0.0389036530302838
0.0476785475155339
0.0382999465335161
0.0437978432374075
0.044338417542167
0.0302475833985954
0.0307565889693797
0.0318175482843071
0.0379764793487266
0.0480042915185913
0.0388980525685474
0.0451030618418008
0.0442294047912583
0.0333351270062849
0.0473828477831557
0.0317836907086894
0.033260273267515
0.0469870737660676
0.0425626068236306
0.0341691990196705
0.0434572165366262
0.0492841138178483
0.0476347770402208
0.0492352937394753
0.03929386371281
0.0314575471449643
0.0474861750705168
0.0339774561254308
0.0406917951721698
0.0321112438198179
0.0376799003453925
0.0449541184911504
0.0439158199587837
0.0319678354403004
0.0422306358674541
0.0304185050772503
0.0429942449834198
0.0495675614057109
0.0468500891840085
0.046855716840364
0.0377490432513878
0.0458614220423624
0.0381239311816171
0.0350669781025499
0.0383860797807574
0.0399099906580523
0.047164919138886
0.0446452970709652
0.0494885698100552
0.0320010981941596
0.0466518167406321
0.0390110835572705
0.0470091827167198
0.0413950308738276
0.0492308502783999
0.0490950146783143
0.0356755901779979
0.0447921299561858
0.0314148515136912
0.048002390936017
0.0326684114523232
0.0411177215538919
0.0420081606507301
0.0326592207793146
0.0401862467452884
0.0373409981513396
0.0300660909479484
0.0309595972066745
0.0476409690035507
0.0464703408023343
0.0382606180198491
0.0484346643602476
0.0395480586681515
0.0394998884713277
0.0431567213404924
0.0332664090767503
0.0319038874236867
0.0472302958462387
0.0347975833946839
0.0411080826399848
0.0469881319021806
0.0369929516129196
0.0495147719047964
0.0473881106032059
0.0450824810191989
0.034473468400538
0.04539632930886
0.0474942716863006
0.0308758621616289
0.0339952141419053
0.0470748471654952
0.0430450825672597
0.0473866403847933
0.0462727317493409
0.0372289527580142
0.0318179169204086
0.0414931058092043
0.0430946082714945
0.0464440955268219
0.0391115103010088
0.0496865779673681
0.0450079675624147
0.0326711137406528
0.0343034702539444
0.0469675907539204
0.0393068237090483
0.0483153558056802
0.0483311547664926
0.0463970916764811
0.0413380231522024
0.0423095432249829
0.0458960057981312
0.0387939309701324
0.0382517450628802
0.041309705702588
0.0330329566402361
0.0461492169089615
0.0399128273269162
0.0328101836610585
0.0322057855827734
0.032215821268037
0.0300942855887115
0.0347680871048942
0.0475764575833455
0.0315443731471896
0.0327707712026313
0.0309504914982244
0.0306783774681389
0.0483217803668231
0.0468040078785271
0.033577428329736
0.0399053589021787
0.036139170541428
0.0354875392373651
0.0325648771086708
0.0385876382654533
0.0439188992744312
0.0367012143693864
0.0440249286685139
0.0468106982950121
0.0476526401331648
0.0453317870013416
0.0364405525522307
0.0308423401555046
0.047854198445566
0.0427621029037982
0.0410898623242974
0.0453265989618376
0.0319372258894145
0.0449603297514841
0.0475043597538024
0.0301533719105646
0.0486983397090808
0.0381393131613731
0.045775267793797
0.0495225524902344
0.0366680509177968
0.0457442964194343
0.0317872183211148
0.0308739980403334
0.0402986747631803
0.0309617865504697
0.0317839225521311
0.0437665104307234
0.030696770674549
0.0386182184889913
0.0451858810242265
0.0466359390923753
0.037649250337854
0.0423110963776708
0.0368997330078855
0.040645575481467
0.0352001821389422
0.0414572124462575
0.0481169335683808
0.0413204375701025
0.0311297363555059
0.0320422749081627
0.0365668371180072
0.0498120101448149
0.0442873067874461
0.0315794836776331
0.0422843289887533
0.0398646734561771
0.0353819530969486
0.0358622172567993
0.0395055660046637
0.0492815709253773
0.0384726420417428
0.0468819419154897
0.0490765470266342
0.0357294704951346
0.0408169879578054
0.0416275663580745
0.0351257378887385
0.0475616793660447
0.0476460477523506
0.0497466936940327
0.0320324180228636
0.0423755000438541
0.0440946753975004
0.0329717686166987
0.0478162118326873
0.0332534060021862
0.0324373293900862
0.0495511371456087
0.042542205308564
0.0303839886002243
0.0465832828916609
0.04997754950542
0.0473619103245437
0.0379382214974612
0.0487248356500641
0.0364954579202458
0.0494489512313157
0.0412519690766931
0.0415865807561204
0.0464938070718199
0.0339688895503059
0.0423797927005216
0.0344912922987714
0.0305044746026397
0.0451301024947315
0.0427631388930604
0.0311573782609776
0.0434759562648833
0.0438308954145759
0.0449045791942626
0.0324812374124303
0.0330234357342124
0.0335486125061288
0.0301773893553764
0.0426757728634402
0.0374550177017227
0.0355544009804726
0.0334501700149849
0.0340742228273302
0.0344374176347628
0.035068630091846
0.0334019537875429
0.0484335352806374
0.0369062691694126
0.0317021841835231
0.0375563561031595
0.0408668703911826
0.0457402185210958
0.0364062705542892
0.0467607703665271
0.0499694097042084
0.0342688598483801
0.0387459298269823
0.0375745999254286
0.0493115341709927
0.0428223300445825
0.0461227066768333
0.04838124377653
0.0311724489601329
0.0395528571121395
0.0439376557664946
0.0308934301882982
0.0451370863383636
0.0418334744963795
0.0402028092602268
0.0390520353289321
0.0305096393218264
0.0492368721868843
0.0497525487933308
0.0426871911622584
0.0385108269378543
0.0353325181035325
0.031611389759928
0.0366028312686831
0.047881002058275
0.0361335039697587
0.0380484768236056
0.0414758279500529
0.0419397676875815
0.0414003427512944
0.0343614257592708
0.0464025348890573
0.0307331156171858
0.0425116562983021
0.0386695787636563
0.0371385227702558
0.0454733528010547
0.0334690409572795
0.0398641794640571
0.0447437781700864
0.0402200204553083
0.0395017383201048
0.0417579988110811
0.0414507475867867
0.0430983548145741
0.0473025111155584
0.037936927517876
0.0492023231135681
0.0376175451045856
0.0334017655998468
0.0346320975711569
0.0489984041871503
0.0316701631527394
0.0338608803180978
0.0314939059037715
0.0421003201603889
0.0343168579274788
0.0417597452132031
0.0345779520645738
0.0378185035847127
0.0369581182673573
0.0483675880497322
0.0322407824732363
0.0350995228718966
0.0337324813986197
0.0449108704598621
0.0486593756452203
0.0398942378768697
0.0428998736245558
0.0335160517366603
0.0420598929235712
0.0477551533188671
0.0398041880875826
0.0303676714515313
0.0335878158453852
0.0359878227673471
0.0355392812239006
0.0312321884883568
0.0371064269542694
0.0415407550800592
0.0407006311696023
0.0420854566060007
0.0397229795670137
0.0326325313607231
0.0492914009746164
0.0448492315271869
0.0373367876932025
0.0330165058979765
0.0345387934660539
0.0449023361783475
0.0310118475556374
0.0418798659369349
0.0330650129681453
0.0452556145004928
0.0499056212976575
0.0334799622138962
0.0423826164519414
0.0407596634794027
0.0463651652447879
0.0364349381439388
0.0416465387353674
0.031418647589162
0.04141288026236
0.0412135450122878
0.0386834187898785
0.0492389757046476
0.0442254336876795
0.0351693906402215
0.0485135507537052
0.0384162332629785
0.0463260149117559
0.0450933009525761
0.0382428660895675
0.0402883366402239
0.0408456943696365
0.0494804860837758
0.0314727590978146
0.0453900761064142
0.0474510981841013
0.049797311690636
0.0493029528809711
0.0427284263726324
0.0313077858788893
0.0325682950997725
0.0398556956090033
0.0432648972049356
0.0337875742744654
0.0335519678657874
0.0323112065112218
0.0331390480045229
0.047148216990754
0.038497210633941
0.0475668334215879
0.0464965312788263
0.0495763923367485
0.0426908603170887
0.0438304655207321
0.0458436667872593
0.0306834129104391
0.0463998736208305
0.0437527232524008
0.0386355378385633
0.0348775157378986
0.0301629540603608
0.0384221228677779
0.0457391381589696
0.0419118424551561
0.0496992611745372
0.0405608691181988
0.0404655683552846
0.0457288960972801
0.0317544481856748
0.0351222396129742
0.0371320824045688
0.0349811091599986
0.0335003697546199
0.0414584416151047
0.0396678629657254
0.0461989793833345
0.0450103046791628
0.036948875952512
0.0461374896857887
0.0350352845620364
0.0418592710793018
0.033124314667657
0.0335031930310652
0.034527546018362
0.045839265040122
0.037767529594712
0.0482244406500831
0.032436941023916
0.0497567031392828
0.0451057584118098
0.0362155166780576
0.0303973071603104
0.0436456612264738
0.038774721333757
0.0476740141073242
0.0314848757116124
0.0390733911190182
0.0477607254125178
0.0440031848335639
0.0360923122242093
0.0416978160478175
0.0474090754007921
0.0389304711855948
0.0367474607937038
0.0413381721731275
0.0383152996329591
0.0466532132960856
0.0330741517618299
0.043172980863601
0.0300205363798887
0.0364090185705572
0.0490026576118544
0.0302510501910001
0.0315818153088912
0.0342657674103975
0.0498968651797622
0.0398407917516306
0.0425526823615655
0.0301192267006263
0.0357170799747109
0.0497296083439142
0.0451538464985788
0.0313654998177662
0.0462152795726433
0.0324574281414971
0.038198367212899
0.0485508729051799
0.0410841647861525
0.0302853322867304
0.0493473056238145
0.0454013106506318
0.0315990482643247
0.0373083969671279
0.0396085309050977
0.0435152138397098
0.0457289450149983
0.0462011611461639
0.0315735500724986
0.0333782888203859
0.0307346558803692
0.0348028461774811
0.048243903638795
0.0300272695953026
0.0345460089622065
0.0333652586350217
0.0329952502995729
0.0429619432240725
0.0397114509856328
0.0438648863881826
0.0357933891331777
0.0495734331943095
0.0357625265885144
0.0405152904242277
0.03155644539278
0.0435710767051205
0.0336389943305403
0.0405960891023278
0.0460335765779018
0.0362637439183891
0.0438254682347178
0.0454608904523775
0.035235872650519
0.0435752030601725
0.049842865918763
0.0410297503974289
0.0486136894719675
0.0341480868961662
0.0345991807896644
0.0396797317871824
0.0392211878765374
0.0456544271390885
0.0300121053215116
0.0450124676013365
0.0466146487509832
0.0362934247264639
0.0442406632006168
0.0350342309847474
0.0361869499646127
0.043919096942991
0.0384619129402563
0.0470578042604029
0.0406879983330145
0.0409635503264144
0.0469108795700595
0.0375405815988779
0.0333208735706285
0.0337849605735391
0.0471373563213274
0.03675006469246
0.0455005647009239
0.0313814040413126
0.0348189853131771
0.034856036757119
0.0377422597818077
0.0474361004214734
0.0493439409695566
0.0473383254185319
0.0387543060304597
0.0338387558422983
0.0316458880901337
0.0416690327506512
0.0314072299096733
0.0405532531160861
0.0394457657076418
0.0309638274135068
0.0418908161530271
0.045825424301438
0.0419773736735806
0.0305583185842261
0.0379145326372236
0.0321248792903498
0.0304822277603671
0.0468179553560913
0.0365279985172674
0.035885952943936
0.0464579595951363
0.0382869484927505
0.0302034244593233
0.0310481677716598
0.0446074076276273
0.0314678989397362
0.0314071325305849
0.0427434393437579
0.0382661174191162
0.0386143566155806
0.0316049274103716
0.0355423335731029
0.0458814203785732
0.031821949314326
0.0355336435511708
0.0327251091646031
0.043269521901384
0.0495826004492119
0.0342362266872078
0.0374405396869406
0.0323672943329439
0.0456107229460031
0.0313115642732009
0.0456755018467084
0.0324770442396402
0.0455468334490433
0.0372269814554602
0.0423186002159491
0.0483408545842394
0.0321044019982219
0.0443109158799052
0.0331273311097175
0.0352315144240856
0.0454758273530751
0.041895181410946
0.0319075343338773
0.0331693586753681
0.0440218142978847
0.0353836545255035
0.0359366012737155
0.0412533058458939
0.0369035302475095
0.0499272662168369
0.0342977925622836
0.0418149439524859
0.0381798209482804
0.0407985785510391
0.046196137550287
0.0302130628656596
0.0434997911239043
0.0476036310801283
0.0381617753161117
0.047881042691879
0.0461570262769237
0.0310453684534878
0.0490227893879637
0.0399788070330396
0.0399491836735979
0.03402444020845
0.0436199463857338
0.0409460836742073
0.0421915548061952
0.0361636599292979
0.0332812232943252
0.0469479945255444
0.0335414145002142
0.0417242145165801
0.0494511309918016
0.040681986277923
0.0462183250905946
0.0430181302223355
0.0454196221427992
0.0306911663059145
0.0411732056224719
0.0324017473403364
0.0437259925622493
0.0482825132226571
0.041206995206885
0.0415115208970383
0.0403350031003356
0.0431609716452658
0.0417679316038266
0.031598491598852
0.0331227250676602
0.0497016273485497
0.0498365959478542
0.03589512381237
0.0457742492901161
0.0437366213044152
0.0380165332695469
0.0379368227208033
0.0477482788125053
0.0464415619103238
0.03530490079429
0.0336234174808487
0.0491294813482091
0.0467479968443513
0.0369330526376143
0.046841728836298
0.0302026036567986
0.0342908384790644
0.048274699584581
0.0309731069020927
0.0474246188858524
0.0431157601205632
0.0343874375661835
0.0301887428667396
0.0315842899074778
0.0453490170324221
0.0306657571205869
0.0454990412853658
0.0378791926009581
0.0456963451718912
0.0306666459143162
0.0373230315605178
0.0341537687974051
0.0493182507529855
0.0412993201473728
0.038822319037281
0.0460773623315617
0.0333126655500382
0.0341223712451756
0.0369717335514724
0.0390162981534377
0.0320635346556082
0.0420123692369089
0.0320115581573918
0.0491437221830711
0.0416194887878373
0.0333778876019642
0.0403714226651937
0.0310864567942917
0.0336374925542623
0.0306494894064963
0.0382689680950716
0.0442160946317017
0.0387658843351528
0.039520607017912
0.0375940944300964
0.0455993668502197
0.0492315440624952
0.0388799682818353
0.035531530380249
0.0430574988340959
0.0450944807054475
0.0417741276370361
0.0373379614111036
0.0401878205221146
0.0328845822717994
0.0353330907132477
0.033476418252103
0.0479305459046736
0.0412468626536429
0.0368490863591433
0.0356745936069638
0.0449507696647197
0.0412570038950071
0.0413077199086547
0.04266663657967
0.049251731839031
0.0453788240812719
0.0452304835338146
0.0330544429505244
0.0373559593595564
0.0482723158830777
0.0399270029366016
0.0305546945380047
0.0390027877083048
0.0305437543615699
0.0303654185915366
0.0474392495770007
0.0491037777857855
0.0478547683823854
0.0471261745830998
0.0324706615088508
0.0344330947753042
0.0438054435513914
0.0429754425166175
0.0318289038445801
0.04191139169503
0.0488875647587702
0.0325731530599296
0.0404940377781168
0.048637514160946
0.0388396413251758
0.0380394322657958
0.0373104500072077
0.0414565995475277
0.0321233480190858
0.0431442766403779
0.0460095831565559
0.0332016227813438
0.0399829961266369
0.0327773154573515
0.0437719642044976
0.039612838528119
0.0341562574962154
0.0443544267117977
0.0366684214258566
0.040588547680527
0.0418699749745429
0.0451977802393958
0.0307939181895927
0.0426235990459099
0.0334069961076602
0.0441451317165047
0.0352944454923272
0.0316064489120617
0.0442641453910619
0.0450162824429572
0.0334045105101541
0.0342964431922883
0.0327371058007702
0.0364140957407653
0.0431930662645027
0.039164932067506
0.0344356767879799
0.0309938323125243
0.0468593499064446
0.0392071195365861
0.0308933812798932
0.0366004021978006
0.0370096404664218
0.0347244199737906
0.034186456524767
0.0357916993787512
0.0359966008644551
0.0478704800782725
0.04525321258232
0.0320805873721838
0.0451733909687027
0.038294675713405
0.0344207135308534
0.0301343739964068
0.0306050108512863
0.0350020367372781
0.0344098995858803
0.0361616198346019
0.0481778516760096
0.0487700554728508
0.0398380920989439
0.0333604053268209
0.0337778910622001
0.0338311044313014
0.0400696387607604
0.0316222430765629
0.0458939310116693
0.0414269446022809
0.0493785921437666
0.047515375376679
0.0441170632001013
0.0323070935532451
0.03321984694805
0.0367030866909772
0.0497721837088466
0.0482815788500011
0.0407019436033443
0.0349378738505766
0.0484469363605604
0.0450697923405096
0.048070146269165
0.043030963120982
0.0304155832529068
0.0319175805523992
0.0489917392842472
0.0477635317714885
0.0391246798262
0.0457348772184923
0.0340205351356417
0.0362540640123188
0.0405952361878008
0.0336599887441844
0.0406481128232554
0.036962271714583
0.0402049632370472
0.0458439137274399
0.0388242110237479
0.0357258448796347
0.0486712064547464
0.0306090212939307
0.0469797120150179
0.0388636543927714
0.0426415046676993
0.0455982871400192
0.0356094782566652
0.0324640811327845
0.0478686637384817
0.0381194660393521
0.045102164610289
0.0322163452487439
0.0367661862727255
0.0409298638207838
0.0362426409358159
0.0389458911400288
0.0380856214277446
0.0397312852181494
0.038783360705711
0.0353372725425288
0.0430375567311421
0.0347809894615784
0.0462663124548271
0.0461648900667205
0.0417808949574828
0.0408373371930793
0.0309309522248805
0.0385171138122678
0.0428127964260057
0.0300131269590929
0.0473277672100812
0.0320209034113213
0.0319147948268801
0.0455448074219748
0.0305902282288298
0.0368414376070723
0.0457263174792752
0.0322692505130544
0.0370050551416352
0.0366042776359245
0.0439335333928466
0.0370722860470414
0.0381235813582316
0.0361605979735032
0.0491840586904436
0.0438053770549595
0.0477147902268916
0.0487171027902514
0.0448815980320796
0.0467689231364056
0.0459871356701478
0.047872805846855
0.0466227400582284
0.0374150020256639
0.0474395953165367
0.046015231939964
0.0335456908727065
0.0332655538571998
0.0488897821074352
0.038892752029933
0.0315678518032655
0.0497114324849099
0.0303167643677443
0.0398976501403377
0.0385325248865411
0.0376013086736202
0.044738887664862
0.0355907670455053
0.0431256774393842
0.0455945220543072
0.0444410501141101
0.0496481208875775
0.0408664543414488
0.0431977567728609
0.0355007872264832
0.0379388824943453
0.0411836915742606
0.0496190059091896
0.0492993355216459
0.03436079736799
0.0378634173935279
0.0474216896761209
0.043831777269952
0.0367350307386368
0.0438096334785223
0.0330690048448741
0.0478079761518165
0.0477689205761999
0.0327600669488311
0.0307189843198284
0.0371003429964185
0.0375789215648547
0.0422955339634791
0.0401237888121977
0.0367591026611626
0.0365825930610299
0.0414659407688305
0.0310142008727416
0.0380192597489804
0.0352126208739355
0.0333739936770871
0.0311946201138198
0.0310516427224502
0.0494554049568251
0.0458921518037096
0.0306333540333435
0.0408656961005181
0.030351940668188
0.0455333979614079
0.0451460298663005
0.0302109629334882
0.0463582816394046
0.0471269175317138
0.0384461939521134
0.0426859141048044
0.0383615005109459
0.0364932870026678
0.0453157445183024
0.0440931102633476
0.0483810271415859
0.0422027310263366
0.0311170972092077
0.044723042701371
0.0480793583672494
0.0440362975979224
0.041553990165703
0.0413167850207537
0.0373435101192445
0.0411384341912344
0.0479418033966795
0.0354446121444926
0.0465266633080319
0.0435199132515118
0.0479873381834477
0.0359331962699071
0.0377092883363366
0.0481069935392588
0.0456235282123089
0.0408510183542967
0.0423256037198007
0.0485147223202512
0.0360501687088981
0.0372647042758763
0.0492112190043554
0.0383915257081389
0.0412847900623456
0.0460095266625285
0.0395638991752639
0.0474332706537098
0.0440317484922707
0.0325673327641562
0.0430326712969691
0.0459901674650609
0.0348033030238003
0.0472799066593871
0.0395758971432224
0.036594832316041
0.0499085123185068
0.0451908442890272
0.0394212991325185
0.0351516873994842
0.0376702245511115
0.0359590722387657
0.0453725256863982
0.038594809458591
0.0431193379638717
0.0348531376197934
0.0359036919940263
0.0485983872367069
0.0327893147151917
0.0396472235908732
0.046034514172934
0.0367059624521062
0.0409460185561329
0.031012275274843
0.0437036967044696
0.0405203313706443
0.037708029281348
0.0343615633668378
0.030985120725818
0.0367720770277083
0.0405508568091318
0.0372019906714559
0.0498317807400599
0.0309271622588858
0.0314380378788337
0.0435273446096107
0.0332471922505647
0.0416074758535251
0.0318153170775622
0.0431219832226634
0.0371501316642389
0.0346805096045136
0.0483286067191511
0.0306111000059173
0.0387814808310941
0.0494738064240664
0.0379828161513433
0.0483953973138705
0.0319752775132656
0.0364133402006701
0.0405203812476248
0.0314667084999382
0.0469948350358754
0.0384611601801589
0.0497619214607403
0.0395774825755507
0.0481138801109046
0.0303701186180115
0.0338428764417768
0.0376861404115334
0.0361487284814939
0.0405658250674605
0.044564513633959
0.0490711306873709
0.0399198825424537
0.0326403449429199
0.0421693751122802
0.0498373715905473
0.0318941933615133
0.0479056691424921
0.0366972179524601
0.0394435693183914
0.0335423593968153
0.0370331005658954
0.033531182310544
0.0430609155632556
0.0347220215434208
0.0479432800877839
0.0367829521605745
0.0484759222343564
0.039954777052626
0.0413968275906518
0.0447355947783217
0.0342965504014865
0.0361062551522627
0.0472699972242117
0.0339144010841846
0.0470189100317657
0.0489394191559404
0.0354912222409621
0.0467971209902316
0.032877115313895
0.0451410074252635
0.0389225313114002
0.0491086355270818
0.0427065012091771
0.0332820197381079
0.0381393887056038
0.0495952005358413
0.0329387811757624
0.047799703697674
0.0339340697508305
0.0424117414373904
0.0458508198615164
0.0446759107336402
0.0450344067905098
0.0404891271842644
0.0425990324700251
0.0391175448941067
0.0350800966005772
0.031149719869718
0.0387060639588162
0.0454226996097714
0.0325831089215353
0.0496783252572641
0.0462835386581719
0.0496336180204526
0.030726793804206
0.041348281186074
0.0380343654053286
0.0391409263573587
0.0380664878012612
0.0414441296365112
0.0352050190605223
0.0474817512510344
0.0498617450380698
0.0486040443507954
0.0497305609006435
0.0431668533245102
0.0360477069905028
0.0473484036372975
0.0434251912217587
0.039783992418088
0.042571678198874
0.0438132014172152
0.0434458297071978
0.047642354988493
0.0437547639617696
0.0499972691852599
0.0350107265310362
0.039569331058301
0.0303020139643922
0.0350403956510127
0.0365331628127024
0.0434426402440295
0.0449688260769472
0.0368487100722268
0.0356051965570077
0.0447475622780621
0.0425393879134208
0.0426708341250196
0.0343196298228577
0.0481188205862418
0.0417249187920243
0.0333716771751642
0.043663953836076
0.032279813257046
0.0405577008333057
0.0488301920657978
0.032978928880766
0.0417824304755777
0.0475655289925635
0.0335631441324949
0.0394166709529236
0.0328292469866574
0.0319876522710547
0.0358070290833712
0.0349095199676231
0.0444511864800006
0.0407254910795018
0.0359800234530121
0.0339940082002431
0.0482035412732512
0.0306594240944833
0.0419264885038137
0.0330181001778692
0.0415529652638361
0.0390895330626518
0.0398761754808947
0.0405241424078122
0.0376602577976882
0.0485779579216614
0.0386683570221067
0.0348952495586127
0.0475251454301178
0.0336531983548775
0.031806475087069
0.0347831973945722
0.0472286097984761
0.0466511101508513
0.0372582529112697
0.0337581427115947
0.0453749193483964
0.0388157689478248
0.0395341847697273
0.0496131392009556
0.0317836287384853
0.0319477098342031
0.0427133751986548
0.0339707797812298
0.0352321030246094
0.0363752466719598
0.047391533930786
0.0310417716857046
0.034078217074275
0.0414451716654003
0.0307381149102002
0.0303618452651426
0.0339309944491833
0.0368195498315617
0.0356730658421293
0.0337266813684255
0.0340884342649952
0.0346370603423566
0.0381220367923379
0.0473433902300894
0.0355162524152547
0.0450510900793597
0.036812615734525
0.0492020666785538
0.0425708186253905
0.0469062639307231
0.0324456725316122
0.0411141466302797
0.0455285160569474
0.0351875874679536
0.039979607379064
0.0416883349372074
0.0396950608259067
0.0421707971207798
0.0304172652913257
0.0376559968618676
0.0376323982188478
0.0313481459207833
0.0357845280272886
0.0452948581241071
0.0460316952457652
0.0340806249296293
0.0483572014467791
0.0320432213600725
0.0478176920162514
0.0402686245879158
0.0326556352339685
0.0367596463672817
0.0342600071057677
0.0465740436827764
0.0392866875836626
0.0367250696150586
0.0328930071741343
0.047361420863308
0.0310864525754005
0.0422776616923511
0.0457126060966402
0.0415889330906793
0.04054338962771
0.038210268272087
0.044610463171266
0.047672001211904
0.0322895011072978
0.0364829548820853
0.037335140267387
0.0350789713533595
0.0324149885587394
0.0416593501251191
0.034068697495386
0.0415950463712215
0.0418129588058218
0.0495437332708389
0.0341507636941969
0.0348549203854054
0.0332049289252609
0.045783374030143
0.0319149528304115
0.0391258049709722
0.0315150897437707
0.048750995863229
0.0338822107343003
0.0442915762681514
0.0491158138308674
0.0448371614189818
0.0351206054026261
0.0422506454028189
0.0326563602499664
0.0336038646986708
0.0315987103572115
0.0354236227134243
0.0388025679951534
0.044229164654389
0.0369357594195753
0.033009362728335
0.0419901250908151
0.0478123665507883
0.0377740188641474
0.0319626822695136
0.0461442368477583
0.0323616856196895
0.0452853111037985
0.0325250865193084
0.0470906357606873
0.0407353741442785
0.0419238350028172
0.0472610846627504
0.047348763672635
0.0311818656651303
0.0393897938309237
0.0368496340839192
0.0464914133865386
0.0405858090240508
0.0387447119969875
0.0311285158060491
0.0349554915167391
0.0379617269616574
0.0322242656210437
0.0384324514027685
0.034783784635365
0.0470106458337978
0.034540503397584
0.0449542464967817
0.0443543723085895
0.031903297426179
0.0395844945171848
0.0325428410014138
0.0352847401006147
0.0345408357772976
0.0336900642095134
0.0303451192751527
0.0486964053055272
0.0324207978928462
0.0381285128742456
0.0457833571406081
0.0321173697710037
0.0368318923329935
0.0366718884930015
0.0454880387382582
0.0407433431595564
0.0457434297678992
0.0459517844999209
0.03447811789345
0.0393231507623568
0.0364468793105334
0.0408906006021425
0.0494313885038719
0.0329860203852877
0.0372736561950296
0.0457421366870403
0.0417321826377884
0.0407957895612344
0.0474777201795951
0.0453885316941887
0.039016749993898
0.0487810813495889
0.0411717810574919
0.0414200025005266
0.0321461824048311
0.037775244214572
0.0495495601091534
0.034429039042443
0.034401265271008
0.0356434198236093
0.0323844235064462
0.0336026732157916
0.03568894833792
0.0428855115221813
0.049207100532949
0.0314218998001888
0.0307583693927154
0.0308092188183218
0.0383384959865361
0.035045282873325
0.0321718647284433
0.0472175889881328
0.0330278483359143
0.0409775958489627
0.0402144904574379
0.0362113005435094
0.0436595552135259
0.0449687964143232
0.0490503691323102
0.0372522913571447
0.0369258705945686
0.0390846066130325
0.0433740939339623
0.0405818349588662
0.0300564237590879
0.0472374671138823
0.041137713403441
0.048038397342898
0.0490065193967894
0.0480033664451912
0.0438789289211854
0.046724477512762
0.0392637742031366
0.0425819937000051
0.0387820165464655
0.0493984226183966
0.0355909777898341
0.0495893756765872
0.0436585040204227
0.048160122288391
0.0433995777135715
0.0382612921716645
0.0486277247592807
0.0329831786593422
0.0303404332138598
0.0415300169866532
0.0401748208282515
0.0357873307727277
0.0355280518298969
0.0421667675860226
0.0378103627124801
0.0358196728443727
0.0377187144802883
0.0464308525249362
0.0346596010122448
0.0497143628913909
0.04230891703628
0.0466495146322995
0.0347323186229914
0.0454180268663913
0.0311754710646346
0.0402979929186404
0.0472202519001439
0.0497080428479239
0.0379352452140301
0.039365671700798
0.0384131103660911
0.0483126968983561
0.0396462875418365
0.0488481664611027
0.0324835771694779
0.0412741587916389
0.0446247342880815
0.0300114104431123
0.0425671117054299
0.0374145249137655
0.0317152374982834
0.0435239351401106
0.0421831549145281
0.0319219820247963
0.0379780941363424
0.0319664353597909
0.0458913538837805
0.0463526510866359
0.0381002882774919
0.0300517456047237
0.0421716080699116
0.0418467384995893
0.0482031490560621
0.0378790202317759
0.0492840055376291
0.0351018796069548
0.0328154359199107
0.0405050884792581
0.0390813331119716
0.0404344474803656
0.0317139480030164
0.0419509899010882
0.0436703128414229
0.0409871287085116
0.0424045093683526
0.0359247236140072
0.0356899944553152
0.0420396552467719
0.0333534423960373
0.0483477427717298
0.0498182084597647
0.0449533672910184
0.0398507721861824
0.048656196068041
0.0423407799238339
0.037834081267938
0.0339275598526001
0.0444015775574371
0.0486834414675832
0.0438528777426109
0.0477716186037287
0.0345733173424378
0.0409313790034503
0.0341399838309735
0.0407409956399351
0.0493855555448681
0.046064678132534
0.0340809364803135
0.0380129372281954
0.046582497516647
0.0388225403474644
0.0379010648699477
0.0306177738448605
0.0327173221250996
0.0435436884826049
0.031249761339277
0.0499507642770186
0.0322769803414121
0.0425066500110552
0.0305117311142385
0.0313748487830162
0.0337667459901422
0.0460038288822398
0.0466964843403548
0.0444937542127445
0.0356125978985801
0.0428580540604889
0.049175717625767
0.0407421808922663
0.0386290663667023
0.0444823748013005
0.0334824825776741
0.0364064876222983
0.0377595547679812
0.031089878147468
0.0355584912886843
0.044309075740166
0.0365709216473624
0.0420291029801592
0.0404784163460135
0.0472109825583175
0.0406553852790967
0.0322284381045029
0.0455178696382791
0.0312587959459051
0.0441057053534314
0.0309851175965741
0.0456263331789523
0.0456827852502465
0.0410515147959813
0.0471021681278944
0.0341974408971146
0.0346011050092056
0.0434682086110115
0.03889566720929
0.0432013068906963
0.0315564378770068
0.0368649654649198
0.0461490960046649
0.036979507105425
0.0310416480153799
0.0472656560176983
0.0411383890872821
0.0481991067202762
0.0452259326446801
0.0409108368540183
0.0395576400589198
0.0369486270658672
0.0413641560869291
0.049015383743681
0.0352275801962242
0.0321361088287085
0.0350751584069803
0.0336180773610249
0.040627778400667
0.046046990826726
0.0395899037225172
0.0335480312630534
0.037942666891031
0.0462845398532227
0.0488271415280178
0.0334669986786321
0.0370988159906119
0.0441008008271456
0.0491848183982074
0.0385560281993821
0.0327183063561097
0.0462748247850686
0.04613689920865
0.0481622070958838
0.0440720377396792
0.0391759303957224
0.0316324882674962
0.0446148794423789
0.0486536303069443
0.0307189658423886
0.0321407888503745
0.037927778554149
0.0330456748651341
0.0322622445505112
0.0357230440387502
0.0416201944369823
0.0328325676964596
0.039888346795924
0.0372056879429147
0.0381405286164954
0.035623639728874
0.0385062685888261
0.0392700317967683
0.0465853930916637
0.037181885051541
0.0387759809149429
0.030145194302313
0.0493629582133144
0.0367499616509303
0.030568883982487
0.0371308546001092
0.0428062910633162
0.035732671553269
0.0496553040994331
0.0316460266755894
0.0325606163684279
0.0352710196236148
0.0342588325496763
0.0489280565921217
0.0369094758201391
0.0381084524607286
0.0407308270316571
0.0355165737541392
0.038113428177312
0.0387101837666705
0.0364410831779242
0.0300687137851492
0.0494593814760447
0.0322582517983392
0.0409714439045638
0.0474459476070479
0.0472518912004307
0.042210873994045
0.0300295619200915
0.0364805191056803
0.0474088656110689
0.0401366891758516
0.0481047990173101
0.0497262952988967
0.0362937413109466
0.0302567261504009
0.038220889614895
0.0454816185170785
0.0490463767573237
0.0445273154927418
0.0403287831833586
0.0446790966112167
0.0470081132743508
0.0463677243236452
0.0444322801288217
0.0388294353475794
0.0387422073679045
0.046718705301173
0.0377022130880505
0.0434883086523041
0.0315563709195703
0.0465795342903584
0.0303249094588682
0.0322538646170869
0.0398204902559519
0.043659741054289
0.0421266351873055
0.047945193159394
0.0361498578172177
0.0408493110956624
0.0447183353919536
0.0331230420200154
0.0436490308167413
0.04761558980681
0.037333602658473
0.0306602882640436
0.0403956010611728
0.0322542879497632
0.0480477055627853
0.0343994333734736
0.0424695300264284
0.0372627943474799
0.0457719970867038
0.0490727854939178
0.0437307459162548
0.0302198332780972
0.049155735867098
0.0399620661791414
0.040815869034268
0.0311966611118987
0.0332225375948474
0.0451598739763722
0.0364519955217838
0.0423689609020948
0.0418785635847598
0.0309624966746196
0.0378762399731204
0.0362319623772055
0.0386536084348336
0.0371898201294243
0.0449386568553746
0.0490491243079305
0.0343801418691874
0.0465347407013178
0.0305495128314942
0.0489536910131574
0.0495654733292758
0.0462713294010609
0.0433659037575126
0.0359540837351233
0.0470635950518772
0.0469250064110383
0.0375495323818177
0.0473527168948203
0.0407458708109334
0.0415507416753098
0.0303130391286686
0.048225249783136
0.0427965149981901
0.0410809786384925
0.0436011872487143
0.0487992364773527
0.0336457137623802
0.0388953177258372
0.0359656273527071
0.0390394430514425
0.0482091469410807
0.0454811623226851
0.0436124058580026
0.0425957308895886
0.0380018701869994
0.0310907930927351
0.0428794958023354
0.0343962608277798
0.0317807456711307
0.0326150241773576
0.047587770181708
0.043040805044584
0.0305629611667246
0.0326212613563985
0.0331519028404728
0.0394695225730538
0.0450139576150104
0.0468056783825159
0.0475081112189218
0.0302213751338422
0.0308313836110756
0.0342271782830358
0.044523657024838
0.0458823808981106
0.0426738593215123
0.0329952103784308
0.0397185566928238
0.0449788625584915
0.035312067004852
0.045173562169075
0.0339201370440423
0.0375486400164664
0.0412063784012571
0.0390528294537216
0.0477232617465779
0.0417757326224819
0.0313659855723381
0.0326108448207378
0.0329354612668976
0.0472063339035958
0.048985520307906
0.0479288659105077
0.0322730346210301
0.0458677190402523
0.0300863554421812
0.0439627981930971
0.0401393296942115
0.0353888820623979
0.0426929961703718
0.0499531320482492
0.0401014868775383
0.0486646599927917
0.0338241777429357
0.0396952508902177
0.042682512961328
0.0340460626408458
0.038592038215138
0.0434137690765783
0.0464317572396249
0.0371738238679245
0.0423654311196879
0.0369413920445368
0.0451193313021213
0.0413085380941629
0.0425517606595531
0.0378442911384627
0.0431676377682015
0.0436621249467134
0.0455265111103654
0.0453531284537166
0.0302218687208369
0.0346162657998502
0.043954288745299
0.0480789758032188
0.0317790414765477
0.0432540043303743
0.0428351452108473
0.048677693749778
0.0481140693323687
0.0305651994748041
0.0365393242333084
0.0473270174441859
0.0341899590194225
0.0397971458593383
0.0393125298433006
0.0406412711041048
0.0488713003415614
0.0407251671608537
0.040804951377213
0.0427763567306101
0.0411825874168426
0.031222559013404
0.0358476718654856
0.0396724968776107
0.0359772451315075
0.0406751073990017
0.0388876147288829
0.0458534457115456
0.0311196754314005
0.0373005802230909
0.0478283590311185
0.0403847991721705
0.0373728199489415
0.0383512538205832
0.0304539212444797
0.041809771200642
0.0398607092583552
0.0320581422140822
0.0380958077451214
0.0310493755200878
0.0307313467375934
0.0346219229372218
0.0495960546052083
0.0309258795762435
0.0326390128862113
0.0485688089113682
0.0317588012246415
0.0488517108093947
0.0434822832234204
0.0300765747623518
0.0469850251637399
0.0403118168702349
0.0384469963051379
0.047192235137336
0.0417981761228293
0.0312773568509147
0.0327037484524772
0.0382222953625023
0.0466056255158037
0.0377426540572196
0.0424559051869437
0.042105448897928
0.040804540719837
0.0416873898264021
0.0454560945788398
0.0439643911318854
0.0468218635907397
0.0495502434484661
0.0346385409170762
0.0471461213473231
0.0436940904147923
0.0360038298973814
0.0332244286313653
0.0453446874208748
0.0497422326682136
0.0471619486296549
0.0435213961498812
0.0462342914519832
0.0397142952634022
0.0392114575859159
0.0362382066762075
0.030411632778123
0.0382542988937348
0.0495999976899475
0.0327080555027351
0.0446135187381878
0.0405060811433941
0.0492319883266464
0.0444046068377793
0.0482123277243227
0.0360770032647997
0.0425733592826873
0.0341647488530725
0.0470099740568549
0.0310324530676007
0.0452655184688047
0.0443057986628264
0.0453551438637078
0.0426145691331476
0.0463304707920179
0.0383263557357714
0.0487544325413182
0.0358156654518098
0.0322803229605779
0.0420387179311365
0.0305073491716757
0.0316906621539965
0.0366722129890695
0.0314081733813509
0.0441015969542786
0.0314839900797233
0.0365002755867317
0.0371788384160027
0.0377666523307562
0.0457088674232364
0.0420869647944346
0.0452517950627953
0.0347172088548541
0.0357196935359389
0.0363511333800852
0.0484381341654807
0.0390087364474311
0.0325189580256119
0.0328797218436375
0.0362214131001383
0.049505778462626
0.0346352654742077
0.0307640567328781
0.041265139724128
0.0463692591711879
0.0307991268951446
0.0306023868080229
0.0476391567569226
0.0319244614755735
0.0477258001826704
0.0475991829251871
0.0467175220418721
0.0411448745802045
0.0393465326819569
0.0452822793787345
0.0475242656935006
0.0440390486270189
0.0437359733087942
0.0427374080335721
0.0466236501606181
0.0373020310048014
0.0414111395739019
0.0426030448405072
0.042299052006565
0.0307363793952391
0.030345716313459
0.0313602372771129
0.0359054398303851
0.0325340807624161
0.0468942945031449
0.0416578525817022
0.0408066357718781
0.0412881975900382
0.0322295527392998
0.0400653039291501
0.0333787280181423
0.0366087283659726
0.0357834929367527
0.047437234246172
0.0496615184471011
0.0389947976032272
0.0385747446259484
0.0359742346964777
0.0351909866323695
0.0458670117193833
0.0303638633014634
0.0306915582250804
0.0305718804197386
0.0413685003202409
0.0477838700124994
0.041097139227204
0.0339464690955356
0.0458486111601815
0.0489502586703748
0.0314248044136912
0.0374207799043506
0.0433953025424853
0.0301999671338126
0.0449978776276112
0.0497169248387218
0.0354781931545585
0.0327903930470347
0.0495280848676339
0.0361260326392949
0.041388482269831
0.040764150545001
0.0492291854834184
0.0390435224445537
0.0375734196044505
0.0312884616898373
0.0434205134678632
0.0313089421158656
0.0340393781475723
0.0483716649003327
0.0491377056017518
0.0347868326725438
0.0381387865776196
0.0459229457611218
0.0476125719258562
0.0491231833724305
0.0425438844179735
0.0343588160583749
0.0405119555257261
0.0347962918877602
0.0488129962235689
0.0304627212649211
0.0426942465920001
0.0494255068572238
0.0321464907377958
0.0344952513976023
0.0329244548361748
0.0370546345273033
0.0366688231192529
0.0317258179094642
0.0494229812035337
0.0454188731592149
0.030602198257111
0.0489281504182145
0.039428876764141
0.041798775116913
0.0497444048011676
0.0368877674359828
0.0432374959019944
0.0309500239929184
0.0476199403125793
0.048639600109309
0.0490982749080285
0.0451074071414769
0.0465710950642824
0.0396731384377927
0.0445084372721612
0.0477154369512573
0.0312486031418666
0.0480588956782594
0.0305650415318087
0.0364392571058124
0.0325629875529557
0.0322028382774442
0.0402668447978795
0.0466458632191643
0.0389141793362796
0.0451182298362255
0.0479945904947817
0.0361609445465729
0.0411370804626495
0.0499838935770094
0.0340418849047273
0.0301079992298037
0.0360817274497822
0.0399350682971999
0.0305675432505086
0.0474520533950999
0.0486815729131922
0.0486175188235939
0.0309305754862726
0.0467085871100426
0.0467177907144651
0.0411793366586789
0.0476230103662238
0.0456983466260135
0.0480881146900356
0.0442286961199716
0.0415100796567276
0.0397814517421648
0.0340856422949582
0.0338044591341168
0.0467676923703402
0.0477610781090334
0.0413555652741343
0.0372540095215663
0.0346222810214385
0.037684575249441
0.0414487998979166
0.0419983827369288
0.0458890921855345
0.0400917385984212
0.040803039111197
0.0304817924369127
0.0455445833876729
0.0366986978752539
0.0393695618445054
0.0445966240344569
0.0448943797172979
0.047816076008603
0.0360126473382115
0.0320379703911021
0.0338137906603515
0.0351533336052671
0.0354524907609448
0.0301455903006718
0.0483581271674484
0.0468101633246988
0.0375411867257208
0.04004079984501
0.0366433734958991
0.0457107045222074
0.0456324987998232
0.0357330446131527
0.0377523163426667
0.0416931739728898
0.0498830044688657
0.0467147177178413
0.0445371068548411
0.0381485989969224
0.0491705270530656
0.0460392980184406
0.0440970390103757
0.0448686944600195
0.0308232336817309
0.0311170637141913
0.0479358082823455
0.0424300031783059
0.0443122182507068
0.030129194506444
0.0330162074230611
0.0378067530458793
0.044283237522468
0.0358065119944513
0.0467466310178861
0.0461899284645915
0.0336373538849875
0.042308475477621
0.0319634414138272
0.035503591299057
0.0456029155198485
0.0387508439645171
0.034439445626922
0.0414613171806559
0.0456097319489345
0.0331104486249387
0.0469425953412429
0.0349660362210125
0.046041981652379
0.0321398074971512
0.0415808856720105
0.0312477923696861
0.0318143657362089
0.0359990299260244
0.0428166030533612
0.0398521813144907
0.0411062835995108
0.0311684678867459
0.0368582392157987
0.0436010933388025
0.0386877149855718
0.0350424284162
0.0329285654053092
0.0424426198704168
0.041593548101373
0.041133552165702
0.0304869769141078
0.0370837849006057
0.0375577792804688
0.0305178383039311
0.043528546798043
0.0311011392856017
0.0308652943558991
0.0301106442138553
0.0341356163378805
0.0482681703334674
0.0368219238566235
0.0371834913128987
0.0473251916794106
0.0494718093238771
0.049605167908594
0.0314542474457994
0.0392341181449592
0.0486163461674005
0.0326038116961718
0.0471812624623999
0.0404003747040406
0.0344875731179491
0.0385426482139155
0.0452482570987195
0.0418765660841018
0.0443901874125004
0.0356818267283961
0.0388334994437173
0.0450277670379728
0.0486818468337879
0.031428266777657
0.0377983609680086
0.0325525086885318
0.0495741308201104
0.0332234225841239
0.0323179795732722
0.0457213945826516
0.0481058709509671
0.0419974020449445
0.0360027331486344
0.0345209225546569
0.042768480964005
0.0355804970860481
0.0394286094792187
0.0484567122533917
0.0389407925819978
0.0335225339839235
0.0392981516337022
0.0473427354125306
0.0464127062167972
0.0489185334695503
0.0402508077723905
0.0321045270049945
0.0482583140395582
0.0497941183159128
0.0409036175115034
0.0382446310203522
0.0413837544573471
0.04870360721834
0.0395734914951026
0.038895182046108
0.0367101308004931
0.0312393974512815
0.0416470197541639
0.0334483117656782
0.0467925248434767
0.0356264625117183
0.0458427362609655
0.0445823166519403
0.0468075256748125
0.0398961601406336
0.049168588728644
0.0315366287576035
0.0427893965039402
0.0469538073381409
0.0412375126034021
0.0416774104628712
0.0487952636368573
0.0360880504315719
0.0394891478633508
0.0465891406079754
0.0331334944954142
0.0486366412322968
0.0337191313039511
0.0358564690500498
0.0351278031943366
0.0322107747709379
0.0315163425961509
0.0307705289358273
0.0484386304346845
0.0446882266085595
0.035525885890238
0.037030606190674
0.0473684782302007
0.0454109852388501
0.0498287819139659
0.049553613695316
0.0368673746613786
0.0478659847844392
0.0428869839012623
0.0358811470028013
0.0356509315874428
0.031102968044579
0.0499649100285023
0.0492121943971142
0.0328062570327893
0.0491320466483012
0.0476139921881259
0.0346534108836204
0.0461548247793689
0.0485461802501231
0.0464823244838044
0.0470559435896575
0.0469448637170717
0.0457598422607407
0.044601071649231
0.0357361662900075
0.0445693858200684
0.040940756094642
0.0337191516906023
0.037062527150847
0.0434875666396692
0.0464139728527516
0.0370787443919107
0.0383030687505379
0.0499549126112834
0.0473666385840625
0.045360715421848
0.0401306724129245
0.0459938251040876
0.0325294205406681
0.0302644238388166
0.0471546499803662
0.0318435531016439
0.0425442227814347
0.0332873716484755
0.0351259843679145
0.0355715276114643
0.034357542716898
0.035700262770988
0.0334015816636384
0.0448019171645865
0.039802064425312
0.0381241854466498
0.0477030988456681
0.0376526203658432
0.0452534435177222
0.0476578163309023
0.0366295143123716
0.0303494965424761
0.0456205073976889
0.0394158172141761
0.0310066898027435
0.0461208398872986
0.0449976403173059
0.0471749426936731
0.0483161843009293
0.0383690601959825
0.0469622344803065
0.0366456889826804
0.0329098639031872
0.0385540710948408
0.0357952385162935
0.0366641117399558
0.0377848829096183
0.0367112129321322
0.0321805806038901
0.0317579391179606
0.0480897144181654
0.0384414452919737
0.0306179357552901
0.041851051854901
0.0388075214531273
0.0357738648448139
0.0385446903156117
0.0326556875137612
0.0393777771899477
0.0310296726459637
0.0396706962026656
0.036981463721022
0.0475588752096519
0.0491504491074011
0.0365471610659733
0.0357650278648362
0.0494917042320594
0.0352434577280656
0.0461273013148457
0.0499458727333695
0.04716246238444
0.0305031739361584
0.0307787090493366
0.0411333696404472
0.0343932054005563
0.0449362887907773
0.0409690388431773
0.0363220366137102
0.0339638168178499
0.0476346404198557
0.0332272774167359
0.0457943261647597
0.0484351649554446
0.040425212783739
0.0304072876507416
0.0324307050043717
0.0344061086280271
0.0425356991775334
0.0443300682492554
0.0374837482953444
0.0386000173445791
0.0337564433272928
0.0334136196412146
0.0412024370953441
0.049040113822557
0.0443765605194494
0.0422215715842322
0.0393689994094893
0.0305190286412835
0.0460398939577863
0.0365906826406717
0.0301203781692311
0.0488570053922012
0.0453977542556822
0.0495231875358149
0.0356800350965932
0.0449650992732495
0.0422553468169644
0.0402560286130756
0.047488744771108
0.0302656380832195
0.0411099132010713
0.0484819315932691
0.040708597660996
0.0345569850085303
0.0300853447848931
0.0434948401292786
0.0322352021140978
0.0322957174293697
0.0454623474273831
0.0445194191439077
0.0315679515618831
0.0301021696999669
0.0391051999712363
0.049780512698926
0.0423889649054036
0.0347474575601518
0.0372332928050309
0.0448524464573711
0.033946346710436
0.0305242846673354
0.0314396794559434
0.0416366516472772
0.0420841412944719
0.049652098082006
0.0305647424375638
0.0472427763789892
0.0335484562208876
0.0431924549350515
0.0391116334218532
0.03631587584503
0.0333442740840837
0.038597646644339
0.0387059800513089
0.0499762661661953
0.0461031240783632
0.0367382274242118
0.0401443994091824
0.0358097919076681
0.0410917665064335
0.0353182191774249
0.0489015409070998
0.0325353126227856
0.0391137777874246
0.0430860505346209
0.0422470509400591
0.0413788853446022
0.0304726588679478
0.0476677378639579
0.0402452327497304
0.0434146001562476
0.0344725166447461
0.0320545883011073
0.0322094724001363
0.0375179315544665
0.0468383346265182
0.0407724064541981
0.0398281375225633
0.0497566267615184
0.0465550516266376
0.0329334233095869
0.0336361875897273
0.0381448940560222
0.0301629669638351
0.045725954156369
0.0412943279044703
0.035305282282643
0.0465442595165223
0.0364943111641333
0.0498905986268073
0.0347899268800393
0.0462502388982102
0.0307323908852413
0.047110540587455
0.0300232399627566
0.0353806092217565
0.0392241796525195
0.0427580277249217
0.0319470567628741
0.0363455310976133
0.041516154720448
0.0432701611658558
0.045827026264742
0.0323658762034029
0.0346233811881393
0.0370116406306624
0.0391667189821601
0.0314438195433468
0.0348673814395443
0.0403650900442153
0.0400250887777656
0.0434905957616866
0.0339908025879413
0.0404590556677431
0.034939572783187
0.035230221003294
0.0460244363592938
0.0381135270837694
0.0353259934904054
0.0310040308441967
0.046237049032934
0.0382386662205681
0.0417890291055664
0.0307580408081412
0.0357473406894133
0.0398766048625112
0.0358363136230037
0.049200621615164
0.0425897567998618
0.0451869582617655
0.0345116493292153
0.0486139856511727
0.0475603683385998
0.0482390856277198
0.037807224332355
0.0374143182020634
0.0358445021230727
0.0428376764990389
0.0377999466611072
0.0306760018644854
0.0416796037228778
0.0462855918006971
0.0414456179644912
0.0347206394933164
0.032272626995109
0.0465304371807724
0.0487994603766128
0.0306132324412465
0.0308225076505914
0.0474861950986087
0.0370444053411484
0.0361497052153572
0.0474236377235502
0.0484610232058913
0.0398050561919808
0.0398456992115825
0.0337004699464887
0.0352342569129541
0.0369649444939569
0.0438170696282759
0.0328074461966753
0.0395355208637193
0.0466523962002248
0.0353117276448756
0.0455046946695074
0.0337098984839395
0.0378046705573797
0.0498405012441799
0.0329359184997156
0.0334229153301567
0.0326532854931429
0.0442394165834412
0.0482370349997655
0.0383256368711591
0.0456967095006257
0.0330874697351828
0.0302458383562043
0.0316447088960558
0.04038186006248
0.0313658500509337
0.046211846685037
0.0315971088176593
0.0330943795805797
0.0313459230028093
0.0387409964902326
0.0450737891858444
0.0302432518918067
0.038128417134285
0.0382330562127754
0.0495440705865622
0.0344281363626942
0.0447342221392319
0.0464750638976693
0.0490068787150085
0.0319704773835838
0.0438483790075406
0.0356845277408138
0.0460215006861836
0.0466358942957595
0.0435967711685225
0.0383207886433229
0.036876434981823
0.0359374935319647
0.0464426721073687
0.0400175971211866
0.0399357260251418
0.0372872386313975
0.0469876296212897
0.0362706515239552
0.0342421678965911
0.0417158691724762
0.0468473370140418
0.0325076781585813
0.0375506076775491
0.0434320742450655
0.0337553692096844
0.0400951804732904
0.0305457369470969
0.0399259570194408
0.0489470342174172
0.0376236426783726
0.0439642745256424
0.0437753161694854
0.0395546135352925
0.0354669522820041
0.0451383266458288
0.0349506412120536
0.040426789666526
0.0422568648168817
0.0319009995274246
0.0413151752762497
0.0303374832309782
0.0339975776476786
0.038351676017046
0.0341101217688993
0.0375444281380624
0.031529034357518
0.032899479912594
0.0410718390811235
0.043234851215966
0.0447129500890151
0.0375241883518174
0.0473751430539414
0.0459094009315595
0.0464360604388639
0.0480339062493294
0.0496501468261704
0.0353190216096118
0.0457419674098492
0.0338149406015873
0.0300749820331112
0.0411399171780795
0.0381949855247512
0.048458976005204
0.0404212696757168
0.0308278519567102
0.0413170250272378
0.0340236515924335
0.03869429663755
0.0347414410719648
0.0497372062224895
0.0429220636514947
0.045647695120424
0.0498284310055897
0.0463428232446313
0.03642710106913
0.0319601117633283
0.0366974326921627
0.0303770664799958
0.0308855024771765
0.0455441258102655
0.0329764478979632
0.0307695027533919
0.0455794934183359
0.0303639132343233
0.0345607805484906
0.047020952263847
0.0362663291348144
0.0453208418516442
0.0372405887115747
0.03382503782399
0.0395032350951806
0.0349529610574245
0.0489468501741067
0.0341427098587155
0.0478731320565566
0.0492045523319393
0.0495541937369853
0.03135555496905
0.0306367916613817
0.0388967675436288
0.0364356910809875
0.044465107889846
0.0470309978723526
0.0397322701709345
0.037612516824156
0.0383569226320833
0.0424957627570257
0.0384866320714355
0.0351650062063709
0.0491683324240148
0.0306163613405079
0.0351493458077312
0.0322743346821517
0.0348532697977498
0.0494220610335469
0.0470446561276913
0.0379364098096266
0.0396018559671938
0.0492622103448957
0.0491934683779255
0.0461422262759879
0.0431098686624318
0.0451768304686993
0.0442177441995591
0.0489552431274205
0.049623781805858
0.0311179904593155
0.0349080321798101
0.0354186762217432
0.048182991114445
0.0375406708568335
0.0355011075874791
0.0335646088747308
0.0394622577540577
0.037975797583349
0.0326332152681425
0.0303726447466761
0.0424383492767811
0.0315643791202456
0.043199142399244
0.044586554383859
0.0314137609768659
0.0419084851304069
0.0318159580649808
0.0480775442672893
0.0448416523449123
0.0373798073409125
0.0386135423416272
0.0370057834032923
0.0304626024747267
0.0367363226367161
0.0374105066200718
0.0333788365218788
0.043205783511512
0.0419672918599099
0.0327695536101237
0.032384462156333
0.0403841342311353
0.0437981861736625
0.0352008936135098
0.0385895519843325
0.0483779156440869
0.0456150310719386
0.0416486838273704
0.047879492980428
0.0444074810482562
0.0367725138785318
0.049975021132268
0.0366740082390606
0.0472487493557855
0.0396289162850007
0.0381912809191272
0.0351015809969977
0.0364095164695755
0.0489097348833457
0.043253565672785
0.0394923136336729
0.0367806316772476
0.046150585715659
0.0475741786370054
0.0429484831169248
0.0457243836019188
0.0484313316969201
0.0429657206730917
0.03834427353926
0.042624157788232
0.030074053350836
0.0435486009065062
0.0445759517606348
0.0395714771049097
0.0330130441114306
0.042708524283953
0.043810869930312
0.0417642994225025
0.0333010999998078
0.0308364963391796
0.0392473430745304
0.0333654879406095
0.0357959479652345
0.0366779879061505
0.0380586834251881
0.0417541040712968
0.0351260578772053
0.0450526534579694
0.0332521127769724
0.0426777540426701
0.0415570873999968
0.0468614461366087
0.0322378450399265
0.0334288189513609
0.037756112976931
0.0382227062480524
0.0376391320442781
0.0302904780488461
0.0352306983247399
0.0471230923291296
0.049186398233287
0.034945700103417
0.0306156710069627
0.0352024912182242
0.0402487758500502
0.0493382217409089
0.0322661900008097
0.0451282638590783
0.0317990391142666
0.0328175259707496
0.0396354359388351
0.0435391209600493
0.0497132974956185
0.0325433761486784
0.0484500155970454
0.0411026844242588
0.041453957897611
0.0478214868111536
0.0351379957702011
0.0493282622843981
0.0495890391571447
0.0424982656445354
0.0381460366025567
0.0456098275911063
0.0337270134035498
0.0352894025994465
0.0317463183030486
0.0344242398161441
0.0355920148501173
0.0341617991402745
0.0490470314957202
0.047936855442822
0.047224074518308
0.0318829008750618
0.0442283350042999
0.0341576067497954
0.0310166540136561
0.048556992537342
0.0378597725694999
0.0436877482710406
0.0472507834481075
0.0311248188233003
0.0375370844453573
0.0418869098601863
0.0349522384162992
0.0368448321148753
0.0404153558705002
0.0459077882114798
0.0347814052551985
0.0324404449714348
0.0372280811006203
0.0484982835780829
0.0498338113771752
0.041772900884971
0.0441837313445285
0.0493249152647331
0.047882566023618
0.0370960090868175
0.0403945537097752
0.0406325774919242
0.0364871445624158
0.0354738342342898
0.0448939079511911
0.0413006715010852
0.0313742004334927
0.0384591829124838
0.0485821726033464
0.0376994044333696
0.0382449980638921
0.0446224232856184
0.0300250859139487
0.0442521308967844
0.0338479488715529
0.0302984782774001
0.0367895354097709
0.0307269112672657
0.0495332287251949
0.0444362465711311
0.0393704076902941
0.031158179230988
0.0313785430695862
0.0469373843539506
0.0377421105327085
0.0406052031414583
0.0336757568269968
0.0391125219548121
0.0311548349773511
0.030965558537282
0.0350393259339035
0.0350247100135311
0.0306343010859564
0.0457664805790409
0.0499272360932082
0.0472915525734425
0.0421917703747749
0.0321174556808546
0.0446807463420555
0.0462326243519783
0.0324955435004085
0.0472502509271726
0.0480490988399833
0.0309257724368945
0.0439841912081465
0.0370072326017544
0.0334792253747582
0.0409204397676513
0.039142036321573
0.0375873008416966
0.0368942794715986
0.034950795150362
0.0480180159397423
0.0433674042532221
0.0387000739201903
0.0419801209820434
0.0472218012018129
0.0492798182275146
0.0453450708370656
0.0352664081891999
0.0376480606244877
0.0409681121213362
0.0396018725540489
0.0335356030799448
0.0338846177002415
0.0338122976059094
0.0361848537856713
0.0378791643911973
0.0316273911762983
0.045053104609251
0.036712907277979
0.0484740784252062
0.0371519550867379
0.0370591430924833
0.0382736624171957
0.034269556440413
0.0498755791829899
0.0420544177712873
0.041154264183715
0.0478798303892836
0.0313946039834991
0.0456392950098962
0.046472370843403
0.0397529788734391
0.0377333093993366
0.0310787256294861
0.0484127493901178
0.0350911993673071
0.0404287999123335
0.0464610334020108
0.0489189467765391
0.0469396949233487
0.0398625543620437
0.0322357392683625
0.0358737833797932
0.0413890961837024
0.0495214938838035
0.0351349913608283
0.0317190360184759
0.0495610936172307
0.0432908777100965
0.0417685651499778
0.0332891136175022
0.0319877820648253
0.0476711952732876
0.0437122941482812
0.0434075778257102
0.0363132975250483
0.0366785223362967
0.0371703518321738
0.0370568001596257
0.0353029453055933
0.0462583569996059
0.0474963070359081
0.0328687317529693
0.0333565553743392
0.0343699878035113
0.0498813296994194
0.0431662547262385
0.0464357028296217
0.0454690890433267
0.0307294046785682
0.030863446588628
0.031124876360409
0.0415245728660375
0.0396582073671743
0.03245343842078
0.0379494664492086
0.035209844391793
0.0430163075961173
0.0481062800157815
0.0448025778774172
0.0468343424238265
0.0308847982529551
0.0384654559521005
0.0474787909304723
0.0335072867991403
0.0369752318877727
0.0424368955940008
0.0384340000571683
0.0488665183959529
0.049904650026001
0.0463514308771119
0.0480195696884766
0.0431168503593653
0.0380727303680033
0.0406034019310027
0.0400496204430237
0.0471062293928117
0.0350806725723669
0.0464082488697022
0.0372872949996963
0.0458164190547541
0.0481966765318066
0.0347669870546088
0.0444643014296889
0.0300715408986434
0.0452779994392768
0.035706822280772
0.0368076511193067
0.0480612428532913
0.0475515952007845
0.0384908066876233
0.0463295933045447
0.0352344221482053
0.0416837464552373
0.0304181225784123
0.037921963846311
0.0354559611994773
0.0340557669941336
0.0341899740463123
0.0323378588119522
0.0354399747448042
0.0317785204155371
0.0406925601698458
0.0354041834548116
0.0381475439062342
0.0436532933264971
0.0479324074275792
0.0360520298406482
0.0311786498362198
0.0451811841782182
0.0313531380239874
0.0422360511682928
0.0327258245833218
0.0347948060370982
0.039767794511281
0.0407917101774365
0.0497027119249105
0.0420597767131403
0.0482924662390724
0.0347228723345324
0.0370514782192186
0.0492619966669008
0.0343613001331687
0.0474553373968229
0.0479380060359836
0.037817760379985
0.0424192764889449
0.0434855799051002
0.0367558034928516
0.0486424392415211
0.0396997238555923
0.0397358800051734
0.047648901194334
0.0396254887897521
0.0391585394740105
0.0305553921079263
0.0416042853472754
0.0398952695680782
0.0456484952522442
0.0404740496957675
0.035877204281278
0.0325011622626334
0.0304271027864888
0.0400357505353168
0.0398270961083472
0.0337688914919272
0.0477839922439307
0.0449780881404877
0.0386211567325518
0.040039054020308
0.0449331813398749
0.0385630623437464
0.0358380300272256
0.0429893219191581
0.0335891107330099
0.0334069088008255
0.0433796534081921
0.0371358821028843
0.037002607062459
0.0424701868044212
0.0460042209038511
0.034781684409827
0.0465941819222644
0.0433241628808901
0.0368134254170582
0.0346516710380092
0.0408029734715819
0.0402134956466034
0.0464282199880108
0.0442794234631583
0.04855598654598
0.0319220825191587
0.0369148358469829
0.0444642886240035
0.0362903620302677
0.0470810550963506
0.0375183618115261
0.0381855536485091
0.0477372263045982
0.0342291245097294
0.034514615428634
0.035948352352716
0.0351616565044969
0.0440736621106043
0.0379930670605972
0.0357077614823356
0.0319484819797799
0.0301777717331424
0.036710866605863
0.0490281128417701
0.0368977845646441
0.0493887597462162
0.0404774474306032
0.0302606954425573
0.0450392465572804
0.0317661604844034
0.0488345030322671
0.0349256930639967
0.0458281175931916
0.0457762319082394
0.0320363334426656
0.0444008828001097
0.048675925754942
0.0310530756879598
0.0458032608265057
0.0366618946567178
0.0405148917948827
0.0468177133891731
0.0482106897654012
0.0413742845179513
0.0441211106441915
0.0425971137546003
0.0387755845300853
0.0467863483168185
0.0356034329580143
0.0490588384261355
0.0462469958839938
0.0386923705646768
0.03027024962008
0.0495585828181356
0.0387690939940512
0.0332109592063352
0.0325969452783465
0.0312761411536485
0.030433712513186
0.0352269952045754
0.0417617418663576
0.0341921878326684
0.0389822563622147
0.0366557414270937
0.030429655071348
0.0380689792055637
0.0377972389152274
0.0316334010241553
0.0432597519690171
0.0350852845003828
0.044797012321651
0.0499070947058499
0.0423153350222856
0.0447633100161329
0.0452794640464708
0.0381094842450693
0.0415265310136601
0.0496807473246008
0.0428670888673514
0.0469707018509507
0.0390971429506317
0.0474424158968031
0.0329992528678849
0.0399153410037979
0.0419941583322361
0.0408628071611747
0.0464375584386289
0.0473126595141366
0.0497709023719654
0.0336773765087128
0.0365889545157552
0.0376109574316069
0.0400937654590234
0.0418223205162212
0.0303342065308243
0.0381544218352065
0.034282938754186
0.0417793756024912
0.0480253864871338
0.0487898947158828
0.0379923557676375
0.0492788959341124
0.0443056631181389
0.0338273575017229
0.0449551547225565
0.0405286735948175
0.0334230319736525
0.0355836889473721
0.0401237362809479
0.0407268624659628
0.0418387548485771
0.0386554673081264
0.0375527676008642
0.0462078928947449
0.041630130559206
0.0410969028202817
0.0351312023261562
0.0439308632584289
0.0324880462419242
0.0430685022845864
0.0440214728889987
0.0311306584812701
0.0483665796602145
0.0444391924189404
0.0414412733307108
0.0412588616833091
0.0394474961981177
0.0359739244682714
0.0376840231288224
0.0311168976034969
0.0484264700720087
0.0340915982006118
0.0472866688808426
0.0330625174567103
0.0483980357600376
0.0477411223575473
0.044668023949489
0.0454625468887389
0.0421587149566039
0.0456889475043863
0.0438267549825832
0.0414816344110295
0.0420771260606125
0.0379546848218888
0.0323009340884164
0.0345452752150595
0.0496858546836302
0.037873691432178
0.0325201467471197
0.0488848971994594
0.0465905801998451
0.0431043720990419
0.032164867981337
0.0385384972114116
0.0337140410393477
0.0385081047704443
0.0347837972128764
0.0397106724744663
0.032310505467467
0.0481261694710702
0.0394412175985053
0.0371093449834734
0.033957536383532
0.0344477966846898
0.0412464746646583
0.0416739474376664
0.0495634779101238
0.0430216070404276
0.0453923795884475
0.0465897378139198
0.0309072432853281
0.0344756028242409
0.0436714805942029
0.0434189252415672
0.0405953267542645
0.0390171186812222
0.049479151032865
0.0347876716917381
0.0438654467882588
0.0327632878115401
0.0379605070268735
0.0315311871888116
0.0320677916612476
0.0399692212278023
0.0403731911024079
0.0348108610557392
0.0476594211533666
0.0376996791362762
0.0337130521656945
0.0361984532745555
0.0344409809308127
0.0496120213577524
0.046751425601542
0.0490292057022452
0.0464073778875172
0.0348503887886181
0.0377216461068019
0.0496342811034992
0.0362589645478874
0.0329411457292736
0.0378575070528313
0.0478505770443007
0.047313676183112
0.0424403130682185
0.0404674780694768
0.0352716266224161
0.0420409950567409
0.0338723709760234
0.0489719522697851
0.0466256574075669
0.0461535444343463
0.0466428289283067
0.0477641269285232
0.033408973752521
0.0491463974723592
0.045765720452182
0.0375444976054132
0.0457799147022888
0.0391861007548869
0.0344066881621256
0.0413279083557427
0.0303083462454379
0.0435204676259309
0.0388158457586542
0.0361596668837592
0.0369947392819449
0.0417952959099784
0.035983230159618
0.034785521668382
0.0485723414737731
0.0427627692837268
0.0402843180624768
0.0334353813249618
0.0435370541410521
0.0381626385077834
0.0403991054696962
0.0483594300225377
0.0486081244517118
0.0373067837208509
0.045009674122557
0.0348553873877972
0.0444963350147009
0.0444173025852069
0.0314127768622711
0.030027435189113
0.0427626998256892
0.0408123200386763
0.0459211340174079
0.0416380207566544
0.0394687696639448
0.0498094361368567
0.0497558578522876
0.0357487996760756
0.0442388699715957
0.0342242491338402
0.0331529934844002
0.0497771253529936
0.0463183104945347
0.042865624986589
0.0412065743142739
0.0399531967611983
0.0376317966869101
0.043914030273445
0.0404082613345236
0.0365459765866399
0.0422937412839383
0.0322588297631592
0.0419337751157582
0.0455926569923759
0.040659257764928
0.0407092514261603
0.0396778281172737
0.0392120370082557
0.0459657002892345
0.0318826643424109
0.0491466466523707
0.0342625491460785
0.038208797746338
0.043704645074904
0.0408721304731443
0.0334128455258906
0.0440959011949599
0.0438259859289974
0.0406158121582121
0.0478582006180659
0.0364422174915671
0.0465650379098952
0.0455632093921304
0.0318393085710704
0.0490505664981902
0.0410102540021762
0.0463664561789483
0.0400791119411588
0.0441861813282594
0.0463451445056126
0.0321860636398196
0.0429844074184075
0.0385710639134049
0.0319072749884799
0.0316589015396312
0.0373509238567203
0.0404918298777193
0.0474033719394356
0.0323220976116136
0.0465007249172777
0.0477642738167197
0.0493283912120387
0.0433357437001541
0.0332672459166497
0.0364790037414059
0.0350238297088072
0.0482540955999866
0.0370815961621702
0.0374735804507509
0.0468043579300866
0.0326848398288712
0.0408135723136365
0.0403049149829894
0.0486191063839942
0.0454298965958878
0.0442455376917496
0.0315676232334226
0.0411327618965879
0.0340876722801477
0.049327009562403
0.0473373043816537
0.0439581925235689
0.0356993851345032
0.0451098369061947
0.0489150456525385
0.0402234584419057
0.0463953908206895
0.0386890844814479
0.0422511455602944
0.0347088795434684
0.0371678961627185
0.0319990221783519
0.0341195847932249
0.0382365316897631
0.0410412890464067
0.040217945240438
0.0416990525322035
0.0493239457067102
0.0437588556809351
0.0476136756129563
0.04398140439298
0.0372160755563527
0.0473121939133853
0.0464959015836939
0.0438861733395606
0.0327777145244181
0.0321819202369079
0.0409536352101713
0.0355122058000416
0.0436290224967524
0.0471580115240067
0.0308962326077744
0.0351801666384563
0.0476701537379995
0.0452860550628975
0.0349157866602764
0.0373844882659614
0.0307022501714528
0.0480125950463116
0.0321397893223912
0.0391613063076511
0.0304875187948346
0.0390851730573922
0.0368031255109236
0.0367499756952748
0.045910847550258
0.0320729099446908
0.0357441666768864
0.0406795926345512
0.0321989126503468
0.0408530183695257
0.0373869351530448
0.049537752349861
0.0400492653110996
0.0317770682740957
0.0419475083565339
0.0348868087911978
0.0434553494583815
0.0300239070039242
0.0380644253781065
0.0481132854474708
0.0393907430116087
0.0427725400868803
0.0473858353029937
0.0457952780742198
0.048860648679547
0.0490001759212464
0.0340774903260171
0.0455289098061621
0.0437672323267907
0.0456013024644926
0.0401482142787427
0.0374836010159925
0.0481348134810105
0.0470619542337954
0.0464774837344885
0.0339957269653678
0.0471816939255223
0.0404107195325196
0.0376397073594853
0.0487667187536135
0.0470385712664574
0.0472153068287298
0.0452176308678463
0.0300422033946961
0.0320429577492177
0.0384390167612582
0.0335129222180694
0.0460862969141454
0.0483043633401394
0.0354497195314616
0.0364476069016382
0.0416088522970676
0.0481172393588349
0.04474544884637
0.0449006229685619
0.0428439949266613
0.0328417354635894
0.0397667082957923
0.0358989621885121
0.0330596938310191
0.0319449766725302
0.042335798018612
0.041508738338016
0.0332378253899515
0.0300040076160803
0.0345655230851844
0.0477425693627447
0.0460410391818732
0.0422885981714353
0.0458190647047013
0.0458479652786627
0.040795203675516
0.0382404872775078
0.0450866594631225
0.0484866470005363
0.0399808216514066
0.0415038456581533
0.0343785879947245
0.033263031267561
0.0476527101965621
0.039375884863548
0.0303839321946725
0.0463227437064052
0.0308551478525624
0.0314814782049507
0.0395738811371848
0.0394301806017756
0.0356476303515956
0.0342594857001677
0.0423754183482379
0.0312223999202251
0.0356622141599655
0.0496393555868417
0.0486550852796063
0.0413290227623656
0.0320815869187936
0.0439281698875129
0.0393135357322171
0.040997889242135
0.0488006040640175
0.0311382139986381
0.0363490139786154
0.0405822631763294
0.0309176500467584
0.0482224410772324
0.0493463711207733
0.0483099239785224
0.0417585690226406
0.0360509938886389
0.0384810064267367
0.048704369305633
0.0338760959263891
0.0486615898041055
0.0364275598246604
0.0458468549139798
0.0474266318092123
0.0490421657217667
0.0370902242744341
0.0468987924419343
0.0470038570044562
0.044019148373045
0.0374128789408132
0.0305178267369047
0.0479761625407264
0.0450874258344993
0.037387282513082
0.0406084456387907
0.0482794932601973
0.034023117958568
0.0351128268614411
0.038806170267053
0.0449040620075539
0.0331914640776813
0.0445604121731594
0.0477624360704795
0.0444439868628979
0.0386356701515615
0.0455419473256916
0.0318221697956324
0.0303779037017375
0.0411257300712168
0.039109863108024
0.031965611865744
0.0384311361564323
0.0318270015576854
0.0359459428256378
0.0307099905097857
