0
0.395061531476676
0.299301376892254
0.249396761832759
0.343246810836717
0.238389941398054
0.268287626607344
0.215067284321412
0.292203084891662
0.343668639892712
0.244703478645533
0.383159873588011
0.39767468906939
0.265357792424038
0.221306405775249
0.227571061020717
0.322694523027167
0.361891426052898
0.281352824298665
0.328771408740431
0.285798436868936
0.28706716503948
0.206564797461033
0.368899398948997
0.255656097270548
0.272432591300458
0.382122059864923
0.307072921190411
0.296248523052782
0.264664538623765
0.386246911017224
0.314267632132396
0.249776615714654
0.33859755913727
0.391997044812888
0.203688166616485
0.392429974069819
0.285799092473462
0.293241491075605
0.218330505443737
0.270695622870699
0.328792049316689
0.288863596366718
0.396259831311181
0.205860366486013
0.397576853167266
0.26414632704109
0.350441462686285
0.267642197292298
0.248367846664041
0.235250212112442
0.302241187402979
0.238586968695745
0.234397599985823
0.223144981265068
0.239937301306054
0.376814410276711
0.22734662219882
0.36207924624905
0.268355113873258
0.215040501765907
0.274517059884965
0.204054500162601
0.383539931755513
0.365493870852515
0.354562595114112
0.323842420149595
0.356059705978259
0.241064611170441
0.373080709390342
0.272434692271054
0.258433536207303
0.211380386678502
0.280596432602033
0.379422338167205
0.342179608903825
0.211564398882911
0.367181916953996
0.360402099648491
0.264772992487997
0.32233835705556
0.238465060060844
0.337508669681847
0.385844596801326
0.373468934232369
0.238538733078167
0.35853224452585
0.258519901894033
0.312409055093303
0.240108651435003
0.203676559682935
0.228947519464418
0.275903990212828
0.387550472794101
0.298720853310078
0.283117487980053
0.394842478306964
0.367504212586209
0.379741630656645
0.209117224672809
0.311099487775937
0.294313921686262
0.391144034825265
0.397862229822204
0.396273801010102
0.353608787013218
0.298902411106974
0.371517724171281
0.248170635756105
0.385954941483215
0.311010661488399
0.355981653183699
0.219496935186908
0.351321187987924
0.334403113787994
0.262687624944374
0.213861261121929
0.22052521049045
0.201001690793782
0.26574415252544
0.2978224624414
0.264499310683459
0.378922191401944
0.343337123375386
0.37909518443048
0.373609582707286
0.246475544339046
0.297387300617993
0.315829336736351
0.228902678145096
0.312220802158117
0.20216448828578
0.327873284276575
0.314214217243716
0.313089758902788
0.297398475836962
0.32833392652683
0.232674782536924
0.215507267275825
0.395061812642962
0.302492685848847
0.20815754532814
0.281387228379026
0.240504054026678
0.262089040875435
0.331051297765225
0.322995023289695
0.355440244777128
0.241323379473761
0.227894317917526
0.243545328313485
0.396731858281419
0.299447349784896
0.348660503653809
0.275110779702663
0.385762831894681
0.34972906219773
0.332338258624077
0.340126398904249
0.241497298562899
0.335540106007829
0.271612272923812
0.35539974863641
0.275649514468387
0.352088095340878
0.36150976116769
0.385648447787389
0.294985370989889
0.340797413280234
0.226995025482029
0.382275492977351
0.395837872056291
0.35102346627973
0.201890548504889
0.346273493254557
0.30916639957577
0.221393283409998
0.370809938991442
0.274974029418081
0.311204261425883
0.38910209974274
0.395606166124344
0.212463291734457
0.322527224011719
0.277354670455679
0.339788473956287
0.32608870244585
0.247085144836456
0.351760310539976
0.35062955217436
0.333189270505682
0.373186892271042
0.312365284888074
0.39658216573298
0.391240042774007
0.329405026091263
0.266044340608642
0.231255894573405
0.23066058694385
0.24199795210734
0.208378080138937
0.314574087923393
0.292175727989525
0.212339793890715
0.351411058288068
0.20485563906841
0.249733173195273
0.346554075740278
0.242966309888288
0.280858776625246
0.202961983159184
0.341388696013018
0.396174947777763
0.347374280262738
0.360152921685949
0.347926789661869
0.377481872029603
0.31766182933934
0.386087612668052
0.361758739547804
0.396466410299763
0.392932520294562
0.242279142327607
0.363885522633791
0.380746134696528
0.373066764324903
0.300995268207043
0.3771867595613
0.269878617115319
0.279760196991265
0.217232907097787
0.369758812198415
0.37518104724586
0.3921466098167
0.205202023312449
0.347394416714087
0.340309975109994
0.327496415842324
0.206493081524968
0.339862030558288
0.22273821067065
0.241133532905951
0.369902000576258
0.34755633235909
0.376366960722953
0.312148795695975
0.270817252621055
0.389671495277435
0.229364330833778
0.224281180463731
0.378562370780855
0.35572743518278
0.352725248550996
0.351053651561961
0.348433292470872
0.228171193273738
0.307475976273417
0.338198170252144
0.348721823701635
0.287267727637664
0.266000924678519
0.363425030419603
0.318518274603412
0.21675274213776
0.392433019541204
0.250919257150963
0.367937082564458
0.24884246555157
0.260282993270084
0.256716130953282
0.211000136565417
0.375703738350421
0.381020529428497
0.384381160186604
0.394524527247995
0.261221987241879
0.384979239618406
0.396054008929059
0.28976953169331
0.239963670819998
0.337162169581279
0.334937871387228
0.308155508385971
0.372495541954413
0.290256370697171
0.393736785277724
0.226546913431957
0.364339837804437
0.260145312501118
0.234816176537424
0.207454809546471
0.254781848890707
0.325264580594376
0.238092216989025
0.281121035804972
0.373528030654416
0.32454850198701
0.271707782708108
0.337029221653938
0.22918381462805
0.227746682893485
0.337849980220199
0.348254533065483
0.38796810102649
0.213253437401727
0.325879920460284
0.290484003489837
0.305199458776042
0.25479809162207
0.204085174296051
0.27051066076383
0.345631151041016
0.30794492168352
0.231208984274417
0.364492283668369
0.297149815177545
0.246405158564448
0.288347969902679
0.366511513292789
0.236787387076765
0.300226197298616
0.286062660580501
0.365883636614308
0.202287578349933
0.385361261852086
0.396978486236185
0.281087942607701
0.396005174797028
0.277314431313425
0.261715934704989
0.28139721234329
0.394104273617268
0.237826321320608
0.352436306932941
0.387797488924116
0.208715242054313
0.295647569792345
0.394381143292412
0.398352691158652
0.306444581272081
0.226429702341557
0.285580346593633
0.333363202214241
0.394945777673274
0.271657745586708
0.227917943615466
0.396479945350438
0.315695391548797
0.326767690945417
0.267043707054108
0.322432759637013
0.398688571108505
0.376436630403623
0.341776936408132
0.321957328496501
0.398695749184117
0.356149251200259
0.332463867636397
0.250839307205752
0.222307015489787
0.204805507836863
0.261489951005206
0.209902374912053
0.242763343313709
0.384199913870543
0.324924862990156
0.241086398810148
0.331082412274554
0.289927065791562
0.220445904694498
0.260455628857017
0.275590873463079
0.231225686985999
0.262920695915818
0.294878708058968
0.258759408490732
0.242805839702487
0.368322745710611
0.312934518512338
0.350103239901364
0.384281126409769
0.234337882790715
0.255964450770989
0.346035081148148
0.335601932695135
0.279572177538648
0.331503118667752
0.31138368267566
0.200553299486637
0.208368133241311
0.383033400448039
0.236742907902226
0.235877482686192
0.380688500963151
0.25895232912153
0.295355441840366
0.330888847913593
0.31748698730953
0.209741686703637
0.260700848000124
0.250834958394989
0.310288907727227
0.202490590140224
0.330367471370846
0.344472538027912
0.399367332691327
0.254065080080181
0.207974481442943
0.336066702660173
0.395128861069679
0.386359884822741
0.204671952873468
0.20392211698927
0.26339627285488
0.314738863613456
0.21405608705245
0.321092297090217
0.254087748704478
0.308982161805034
0.268808440444991
0.311694362852722
0.23388573625125
0.221693354053423
0.390578500647098
0.344753890857101
0.204657879890874
0.236866982048377
0.349698336608708
0.365832356736064
0.305064112646505
0.228806836437434
0.342247222270817
0.351654831785709
0.372131265047938
0.316318491054699
0.244482920877635
0.222674785461277
0.339097364619374
0.348126409761608
0.273631664132699
0.277977087628096
0.2640771524515
0.284270141692832
0.244264751160517
0.275398385152221
0.23177644032985
0.256958336895332
0.320976271061227
0.265932228462771
0.395417180238292
0.279892710084096
0.20341968042776
0.380263812467456
0.220478911418468
0.20301198111847
0.233652772940695
0.297168657463044
0.270374713512138
0.241069301590323
0.315684768091887
0.388245457876474
0.306633323943242
0.210110894450918
0.303838963760063
0.344128812802955
0.235449289809912
0.398510514944792
0.250349941337481
0.292089215246961
0.318677473254502
0.256159063056111
0.310173001140356
0.285890175914392
0.282289319299161
0.218015837715939
0.309236883744597
0.201981334201992
0.271296893572435
0.320136134698987
0.352554092323408
0.225020357407629
0.305253798235208
0.39904846418649
0.376327890018001
0.331573710218072
0.278262181999162
0.310157115524635
0.384072611248121
0.383829521248117
0.202093422599137
0.336030399706215
0.336528466548771
0.219014689745381
0.330952388374135
0.200033107679337
0.252208892675117
0.284781030891463
0.275632019806653
0.287036528810859
0.301931291120127
0.331210784427822
0.324390691751614
0.375468239048496
0.280467158183455
0.398645882075652
0.336304876254871
0.378214478027076
0.35708051524125
0.215913961688057
0.248771140770987
0.319872030103579
0.200224835332483
0.272821132140234
0.282950861379504
0.221257576998323
0.250551380962133
0.380888449633494
0.251714121736586
0.285459143668413
0.309841220872477
0.272080140840262
0.226130095636472
0.294366717897356
0.233475718600675
0.243937328690663
0.305245928559452
0.204999274993315
0.274880336225033
0.23440299462527
0.303211106872186
0.289977845223621
0.332152159232646
0.341856876155362
0.200881681870669
0.213718603458256
0.267649124888703
0.317513737920672
0.23546392233111
0.296549590677023
0.357844358403236
0.276777510158718
0.305141142010689
0.29503688714467
0.35887796105817
0.350794885819778
0.220146297942847
0.397930232621729
0.205899226153269
0.272647206345573
0.234057155810297
0.338672471884638
0.214389818441123
0.244427889306098
0.247221350576729
0.373032528907061
0.321114555234089
0.277176408329979
0.307643408328295
0.260465448629111
0.260276287514716
0.227464397484437
0.295261177653447
0.286004202440381
0.294986292300746
0.358967523043975
0.332292333804071
0.388166966987774
0.258002773299813
0.362902041850612
0.245943816192448
0.340545763121918
0.243988249218091
0.305466578016058
0.332939301989973
0.211223059194163
0.355559915862978
0.362114770896733
0.378042727615684
0.220141302468255
0.345068606967107
0.344535040203482
0.322633134806529
0.358506359905005
0.337377459323034
0.228200603369623
0.226241976395249
0.314826095569879
0.277339944569394
0.376393344113603
0.3321329257451
0.359054117370397
0.251495091058314
0.36484359363094
0.394426514673978
0.24351845337078
0.348591218004003
0.246162781771272
0.359060164401308
0.220437488192692
0.352412663633004
0.393514605192468
0.211945532821119
0.284596279403195
0.32974271136336
0.325734804617241
0.252198407799006
0.298728400748223
0.271606158139184
0.360735863354057
0.288496555807069
0.301203771680594
0.22766324817203
0.310184532497078
0.350632581952959
0.221499596443027
0.220757109718397
0.286315242899582
0.228010215610266
0.225853873509914
0.228222964657471
0.284492113767192
0.24320566742681
0.206259926501662
0.330915697477758
0.369420553185046
0.218592625157908
0.236453974759206
0.335595358209685
0.313235835777596
0.291953104082495
0.255750201549381
0.277360805682838
0.257381542120129
0.354747710283846
0.280457662744448
0.335965117905289
0.341747026052326
0.203529199631885
0.244897837052122
0.346573618566617
0.322052594600245
0.375054890057072
0.352150282915682
0.224962999066338
0.237665558420122
0.390480502648279
0.281638621771708
0.310709501290694
0.215171129442751
0.209597712382674
0.211323243798688
0.394542886829004
0.214133345521986
0.346859682304785
0.305776331527159
0.347504971222952
0.200391258439049
0.305726825771853
0.213153709191829
0.292982357973233
0.23143775719218
0.290928976377472
0.227388824289665
0.228414512472227
0.225999927241355
0.200410250388086
0.267352273827419
0.313822859805077
0.30210208594799
0.292994092078879
0.241577860852703
0.395051977178082
0.270931302662939
0.380136157944798
0.20259611196816
0.284090514900163
0.383422230510041
0.307217139331624
0.353010255144909
0.270062824944034
0.232907661842182
0.271660139551386
0.347077581705525
0.342050702683628
0.310649989452213
0.221217523515224
0.286957079451531
0.281234978931025
0.323460375657305
0.281587739568204
0.315995383169502
0.284732218738645
0.226882208650932
0.319030485209078
0.364100836170837
0.357004512660205
0.365108238672838
0.255725058866665
0.29433478298597
0.284480163641274
0.293589692236856
0.213289696676657
0.24896173235029
0.313644119119272
0.278789730696008
0.206945524085313
0.2815753034316
0.344362759031355
0.260022049257532
0.212728695524856
0.387792033515871
0.222687796596438
0.235879537416622
0.275904247909784
0.331253319699317
0.322525980649516
0.360088499449194
0.238049282319844
0.20010818191804
0.374939165590331
0.389670827565715
0.375724867871031
0.278414190933108
0.251244695065543
0.334872450726107
0.303754295501858
0.242748272791505
0.382708994438872
0.238661273615435
0.292449085274711
0.361986356135458
0.311031834315509
0.311244339216501
0.225664139911532
0.35715261856094
0.258433128334582
0.316459796810523
0.226139812124893
0.236616538930684
0.244973023608327
0.251831042347476
0.310303304810077
0.264624010166153
0.390386559488252
0.295956885349005
0.220830892166123
0.332560648443177
0.309010799182579
0.295790327433497
0.311175064695999
0.246960149379447
0.206615729210898
0.348790799221024
0.368506929837167
0.294621708616614
0.395229987287894
0.344479663809761
0.376108723552898
0.295969353243709
0.303072534082457
0.311627780040726
0.311494088731706
0.378410545410588
0.379543933644891
0.302949947211891
0.229517726786435
0.296095775160939
0.391112025314942
0.358501818450168
0.292397050233558
0.314673316758126
0.307670617988333
0.282422887021676
0.219506254512817
0.311420994298533
0.329171287827194
0.246252201031893
0.25755078997463
0.353762630093843
0.330807943642139
0.395558222522959
0.211550965160131
0.307635558210313
0.385633682832122
0.397834324277937
0.282888232683763
0.26911153383553
0.234217391256243
0.258280284376815
0.247452341904864
0.335646667610854
0.397621712042019
0.252128678560257
0.304720227885991
0.208066424215212
0.268804332334548
0.238404593337327
0.319229252729565
0.238160443026572
0.27466834099032
0.324087904253975
0.249463459616527
0.395637528365478
0.390811263583601
0.243209601240233
0.347282065404579
0.213954893033952
0.385794629435986
0.24205904812552
0.271121532982215
0.366863337811083
0.282903294125572
0.323657017201185
0.367670156946406
0.301928845932707
0.34531083968468
0.267476766183972
0.255764711089432
0.278903595078737
0.230554120615125
0.352681683888659
0.348613935802132
0.360203084070235
0.240778144728392
0.357448377879336
0.376816979888827
0.209805146371946
0.372512174630538
0.313294806471095
0.336857370985672
0.328501268150285
0.351289862627164
0.389684267248958
0.312812321120873
0.37207946125418
0.207802705606446
0.333864839654416
0.329409009730443
0.366221966734156
0.335805515293032
0.272100570052862
0.235272092698142
0.277974649053067
0.260145164700225
0.279401065129787
0.297470077034086
0.219809602992609
0.208370139170438
0.208341287542135
0.241763908602297
0.312146060634404
0.38261954295449
0.342804418178275
0.283005895279348
0.247558415401727
0.287219486664981
0.300486707221717
0.369819434313104
0.221216753171757
0.267465665377677
0.235053486702964
0.268896246235818
0.363765605958179
0.268369068251923
0.336915429960936
0.294678855733946
0.301699377316982
0.237063436908647
0.383001749031246
0.381279289582744
0.314696688950062
0.377050275355578
0.298738633422181
0.306832596519962
0.231129835825413
0.296780120395124
0.253352701803669
0.354288300126791
0.272638132050633
0.283127555204555
0.23954984433949
0.27075803084299
0.370073568169028
0.212008606968448
0.238744035223499
0.345263538509607
0.251932660583407
0.217979847081006
0.207468328485265
0.265707400674
0.378629133570939
0.268647733610123
0.368604999454692
0.236291384836659
0.394231399381533
0.301852134009823
0.359536671591923
0.203451190097258
0.277155566960573
0.273669221717864
0.344267944339663
0.207421004446223
0.287606191448867
0.391302100149915
0.258910671574995
0.228048900514841
0.345059725968167
0.320047226734459
0.278605618746951
0.248755395226181
0.232509248377755
0.362346528703347
0.345481955818832
0.386161662172526
0.303008296526968
0.292324661184102
0.201942370180041
0.309684146335349
0.396412939345464
0.20103526096791
0.262834394956008
0.271234027389437
0.253748787846416
0.317168412124738
0.349500462738797
0.278261422552168
0.275115114543587
0.381412052921951
0.311799215432256
0.384783263178542
0.355077212257311
0.220306356530637
0.204589015385136
0.202508199494332
0.203415079601109
0.349180528661236
0.251106438226998
0.238778993673623
0.239631579816341
0.379510712111369
0.379252591822296
0.35201916852966
0.276576950447634
0.338196331635118
0.231343631353229
0.345250591868535
0.26967009967193
0.208459070697427
0.309803673997521
0.262733909068629
0.384021346597001
0.286343230586499
0.399321218440309
0.368082748865709
0.269369888678193
0.275043958472088
0.287211353518069
0.232561332080513
0.21390896961093
0.237298066914082
0.265627457480878
0.349974986445159
0.344929294101894
0.303877267520875
0.276528222905472
0.206348933745176
0.338078041281551
0.391623443225399
0.217948000971228
0.271931410999969
0.24360909559764
0.202055111434311
0.385979343345389
0.263520606094971
0.37996709709987
0.22617403017357
0.363987525412813
0.206008659815416
0.364573310362175
0.359280618978664
0.353297684481368
0.232491530897096
0.234377106977627
0.279795358283445
0.283193058660254
0.380185862118378
0.302290968503803
0.371428062487394
0.319460986601189
0.390742632187903
0.219511987920851
0.21851348541677
0.384560081083328
0.284827473666519
0.363703742576763
0.349330479372293
0.320515043148771
0.304648132482544
0.234319052193314
0.266569454828277
0.222933570947498
0.385008740145713
0.367551219556481
0.235922309011221
0.389071825146675
0.239982300717384
0.362428880715743
0.322255897661671
0.387809809250757
0.398487006220967
0.258096642419696
0.384679745323956
0.20140251792036
0.393092069495469
0.210717623541132
0.279658857313916
0.365581226628274
0.222276604129002
0.264104269258678
0.322631186433136
0.238000191934407
0.341082024108619
0.293635057611391
0.389733784133568
0.225424019386992
0.233474561246112
0.389389808150008
0.265421470021829
0.304973639035597
0.3961067317985
0.273547253897414
0.251515941135585
0.332674751523882
0.303457500087097
0.289762332849205
0.390912829944864
0.268018276616931
0.25658159093
0.27131945467554
0.370825280016288
0.276994482195005
0.277079268405214
0.387271410739049
0.292284161131829
0.274757901951671
0.21163927661255
0.272848951583728
0.373195955948904
0.397161579178646
0.390528659988195
0.354415591899306
0.237911887047812
0.29567662300542
0.370132181048393
0.398171587986872
0.264618449704722
0.200755705405027
0.277582590933889
0.246798669034615
0.209905398264527
0.322424277896062
0.378039849223569
0.272533505503088
0.382524972548708
0.231947631109506
0.320550865260884
0.308113003941253
0.208628365630284
0.321877927007154
0.277029316266999
0.364853610424325
0.242731145489961
0.386079955566675
0.342382977344096
0.392389566870406
0.393779579596594
0.27894542850554
0.340564306639135
0.218674193602055
0.362155513791367
0.364942530030385
0.317579499771819
0.204608724545687
0.252008753176779
0.36083992770873
0.20726593285799
0.244241438107565
0.302252955362201
0.339413989288732
0.337231165356934
0.288768818741664
0.236365897394717
0.328261725604534
0.210760992811993
0.340613629855216
0.398862470407039
0.242975081969053
0.396588332671672
0.363958260696381
0.383865873049945
0.288219338143244
0.374730827892199
0.271254090406001
0.285780477151275
0.381276446534321
0.262863035919145
0.358389926329255
0.224839110532776
0.275603277329356
0.253003383241594
0.256768174283206
0.28546831747517
0.285539646912366
0.285132039245218
0.320338047342375
0.270839913282543
0.293958984408528
0.227749358536676
0.20792499249801
0.308495295094326
0.25327145238407
0.342786760395393
0.316581823537126
0.352248392393813
0.225101356999949
0.317147115664557
0.228377602528781
0.342101864749566
0.384848906379193
0.348869385104626
0.360317272413522
0.246891644364223
0.288707666750997
0.354974729055539
0.283633541036397
0.261363156978041
0.221266572223976
0.331605408433825
0.352052467316389
0.226990063162521
0.240528357448056
0.338567426428199
0.320759122399613
0.324702651472762
0.248514268128201
0.363899478130043
0.22707050088793
0.226364094624296
0.360309514170513
0.320691748894751
0.247982768900692
0.30631566317752
0.225108729349449
0.361225436860696
0.38233288526535
0.332609306136146
0.226814721664414
0.265285250684246
0.332343806372955
0.32172081368044
0.365383043745533
0.371897835331038
0.233415472274646
0.229671296756715
0.307715384941548
0.362253328273073
0.270966005232185
0.369533924479038
0.218743550172076
0.213947633234784
0.382794732460752
0.368853829801083
0.356787240831181
0.240785625204444
0.248654277389869
0.323387911869213
0.273499009758234
0.258829265506938
0.339114517346024
0.24354234286584
0.238724532304332
0.343922625621781
0.385785274254158
0.337950187083334
0.270041219843552
0.281904119253159
0.217642137873918
0.376607592729852
0.263578055752441
0.244016920635477
0.388687860220671
0.300725277001038
0.317681899713352
0.212482078513131
0.293974764412269
0.268214555131272
0.357347344933078
0.274751275451854
0.289275179896504
0.249988279351965
0.316607885621488
0.287660021753982
0.324918687995523
0.201209767488763
0.240425333986059
0.388999697519466
0.353419115068391
0.219983929162845
0.245155978621915
0.35449502565898
0.274127695104107
0.287866219319403
0.398411488998681
0.315921225538477
0.21399549972266
0.34468431440182
0.270694892667234
0.305352984461933
0.300576112512499
0.210791400680318
0.300536073558033
0.293288483144715
0.216454840451479
0.21163613833487
0.353519086446613
0.322169238328934
0.233830880513415
0.299407642008737
0.2302639702335
0.393192110024393
0.299684639647603
0.252306857146323
0.259172745561227
0.321381176635623
0.231088000256568
0.336201543081552
0.209978108434007
0.219483565352857
0.313677687151358
0.333924188558012
0.334161171503365
0.244772302592173
0.384019892802462
0.278644186537713
0.371609063260257
0.23476534858346
0.308775038737804
0.207166002225131
0.34962848694995
0.248946626484394
0.353509035520256
0.205061409249902
0.228398762596771
0.337697423901409
0.383595597464591
0.252113242121413
0.261304256925359
0.320990425953642
0.238245794037357
0.2037974038627
0.266104991361499
0.395834270818159
0.204095753002912
0.256742029264569
0.293912604823709
0.236153036681935
0.218833217816427
0.232875361153856
0.298147568618879
0.22262934925966
0.39942840510048
0.227550715673715
0.283361153770238
0.310384209640324
0.340487834624946
0.209660770744085
0.384468202479184
0.309703127015382
0.389849454490468
0.283547925343737
0.319974476704374
0.357112524844706
0.306033055158332
0.232277537416667
0.253551356587559
0.356200612103567
0.254626847151667
0.33111091889441
0.287610477907583
0.271491610817611
0.260239304974675
0.225831222906709
0.309453673195094
0.357688748184592
0.346690859366208
0.35024199471809
0.287017963593826
0.324685585033149
0.397488501109183
0.353246652055532
0.323303447151557
0.321417941525579
0.329790683835745
0.290461165923625
0.397387791890651
0.218335293838754
0.299117407528684
0.222435635095462
0.326470653293654
0.362391396705061
0.269638979993761
0.202057095384225
0.333914363291115
0.321192753687501
0.310288795549423
0.215909207053483
0.251232399605215
0.300906824367121
0.355451584607363
0.323756425734609
0.292243722453713
0.232067490229383
0.259550235420466
0.259021559963003
0.34605237734504
0.33587913736701
0.323557024542242
0.265287383040413
0.33793882499449
0.361874844413251
0.203032136708498
0.360135372262448
0.370296057127416
0.318251460650936
0.38110987036489
0.252025689790025
0.233372966339812
0.225367812626064
0.289683291176334
0.308477297471836
0.31179677778855
0.373159536905587
0.243567730812356
0.277597781131044
0.303784251678735
0.305857543181628
0.33032966828905
0.372584273479879
0.330638023419306
0.239400048693642
0.20821738652885
0.208873236970976
0.366692785499617
0.323152780439705
0.203849700419232
0.361916819959879
0.242585691157728
0.281105793220922
0.389123882586137
0.22076004636474
0.380576992873102
0.271297083701938
0.223657916672528
0.394438053946942
0.398130075726658
0.300487280683592
0.274432060541585
0.219762647245079
0.253257447527722
0.393032016186044
0.315960432356224
0.262353198276833
0.223025491787121
0.330405083345249
0.215080195106566
0.359751580609009
0.215727394539863
0.35359841468744
0.243642507400364
0.2397464169655
0.340758760692552
0.255152374878526
0.326541410107166
0.272631158260629
0.243322305893525
0.261082689277828
0.227897755941376
0.334129575034603
0.217315511032939
0.299333412293345
0.379245634470135
0.303219822794199
0.317642474500462
0.241819249838591
0.262186194164678
0.369192914804444
0.352994451578707
0.304938948713243
0.356661654449999
0.286589295556769
0.235734447091818
0.209197778115049
0.336796989571303
0.303786289365962
0.258061408950016
0.205002694344148
0.245791661459953
0.398802856821567
0.313353811111301
0.202244728337973
0.230070895189419
0.281776711437851
0.247004533931613
0.28963751969859
0.349331589601934
0.393251547543332
0.276391851808876
0.2345603085123
0.208307008864358
0.348833623528481
0.327344630192965
0.214883418940008
0.369657262926921
0.268015102716163
0.268259676638991
0.383552854461595
0.342586620291695
0.347793866228312
0.351361813256517
0.216902495082468
0.26384035688825
0.324463642854244
0.315996560035273
0.259635242447257
0.381142270751297
0.259732339857146
0.322047658311203
0.248405332863331
0.311704906728119
0.358639574563131
0.274419294111431
0.357511254493147
0.374930510716513
0.261255717137828
0.324543729471043
0.346176025923342
0.213020503846928
0.211028109351173
0.255657197069377
0.251152339251712
0.293143318872899
0.243259913474321
0.312733388319612
0.369613345898688
0.230046925554052
0.216356535209343
0.230812707031146
0.270321249775589
0.302498534787446
0.274340435350314
0.308043830329552
0.283419331209734
0.334595633624122
0.357480324944481
0.208708405029029
0.213952296366915
0.335379524901509
0.203299931623042
0.247567472653463
0.290089417947456
0.251286710007116
0.271417200798169
0.363986492995173
0.367838715249673
0.25986042660661
0.277096132002771
0.333011192455888
0.382162040378898
0.313256194628775
0.29081893148832
0.395966798532754
0.370658581424505
0.25576638863422
0.287606659624726
0.333920152764767
0.39566024215892
0.351660889619961
0.236273611662909
0.38098218627274
0.287993354164064
0.378366485703737
0.354186945548281
0.360203038621694
0.305484474729747
0.279455776419491
0.388589400285855
0.303087945561856
0.200082668056712
0.284428132930771
0.381028320360929
0.394563720095903
0.368714999733493
0.372048568120226
0.298455674014986
0.386532229930162
0.392248323792592
0.206194545514882
0.319077790807933
0.251755983009934
0.275149072147906
0.209741685446352
0.274777310807258
0.249748995294794
0.368198552867398
0.314463332481682
0.287473511556163
0.290933013428003
0.320795289101079
0.251684533338994
0.376799082476646
0.201466955058277
0.330955363996327
0.287082310672849
0.345394631894305
0.21325122108683
0.313094526762143
0.206160979438573
0.390793963475153
0.311901022866368
0.290898963110521
0.212767355609685
0.317760146455839
0.255159210367128
0.299939105147496
0.266124591045082
0.34395763007924
0.338489980949089
0.30822668094188
0.23563943002373
0.288878261810169
0.215847460506484
0.346284754481167
0.20534979365766
0.37606099024415
0.20052396194078
0.383268658677116
0.291879976168275
0.2705063582398
0.28966497220099
0.225328448461369
0.258382829651237
0.319905422162265
0.266113427234814
0.389492179453373
0.206621187413111
0.281569013232365
0.286675065150484
0.202441700967029
0.318987029232085
0.350803054356948
0.303648580564186
0.361982584977523
0.304956317925826
0.329534796392545
0.367564205778763
0.378353560529649
0.285205744300038
0.229092512931675
0.354364554164931
0.256245169136673
0.304815706796944
0.26010139817372
0.250196531927213
0.314608078077436
0.21986994179897
0.22154760309495
0.31968263592571
0.30132689778693
0.268551223399118
0.313745317980647
0.278813514998183
0.246742156194523
0.226554138585925
0.26828178842552
0.247495748661459
0.349438898824155
0.252106971526519
0.237725114030764
0.323923408286646
0.37588778315112
0.381506792642176
0.240499431965873
0.365704083349556
0.398216173285618
0.293347463198006
0.255626732809469
0.242026878986508
0.255360333388671
0.35575468018651
0.368516560550779
0.318994816206396
0.30043530613184
0.398323921300471
0.230617601424456
0.213662689225748
0.22894295733422
0.268904391396791
0.348604627326131
0.316306091379374
0.266847774153575
0.388498466601595
0.301030883844942
0.383355479175225
0.208943284442648
0.362104607559741
0.361472549010068
0.343877889029682
0.361476873699576
0.351889036828652
0.335683689173311
0.342861748766154
0.303380997525528
0.215764840133488
0.207624510629103
0.304792517283931
0.229938783403486
0.20960978991352
0.397348771244288
0.230427677230909
0.221274593472481
0.223670930927619
0.202086559822783
0.368109584320337
0.367575190030038
0.323277065670118
0.305388066871092
0.207311690924689
0.399287222279236
0.390759792458266
0.325865016877651
0.248941615503281
0.388541440619156
0.375541163980961
0.399772103782743
0.208396989759058
0.362008453300223
0.398615792719647
0.202256409358233
0.316076937504113
0.365066572045907
0.32216009972617
0.308745412901044
0.209544968651608
0.216335119167343
0.202341949287802
0.260614931024611
0.210520666046068
0.394502939051017
0.231294417055324
0.380765671562403
0.20720973610878
0.307787374546751
0.322697342233732
0.285918526910245
0.346809618361294
0.370607515191659
0.227463764324784
0.387130471644923
0.280579577945173
0.292444433877245
0.367336424998939
0.247382151335478
0.217598955333233
0.273942991020158
0.247343971161172
0.3065267609898
0.374626506771892
0.312489103758708
0.312290761200711
0.387313278019428
0.219539525173605
0.260682552866638
0.355356773873791
0.246230541123077
0.361561825452372
0.377101061167195
0.30626491275616
0.253034011973068
0.222993836598471
0.395933398185298
0.204907356156036
0.204852243792266
0.297738786414266
0.204480086965486
0.331723261578009
0.345671891607344
0.305415071314201
0.337918636621907
0.36102117523551
0.389590295217931
0.369111033063382
0.30482182665728
0.246759770205244
0.238640928734094
0.384469384420663
0.223388575250283
0.254335471149534
0.258186106011272
0.339907154580578
0.351651690807194
0.35066405441612
0.286037691868842
0.332509374525398
0.274851114721969
0.205784428771585
0.321318801306188
0.2597026176285
0.236557654198259
0.289624844072387
0.261292311595753
0.304315105360001
0.360013807844371
0.225732864439487
0.265536094270647
0.361156246531755
0.332869813963771
0.287130402494222
0.395813025068492
0.351765814423561
0.231297033140436
0.393876039236784
0.38554658475332
0.364464576356113
0.355463853245601
0.298842913238332
0.391035593859851
0.254110256582499
0.216081389272586
0.37060147584416
0.281555726425722
0.270877435570583
0.251544598909095
0.391259767394513
0.347713991394267
0.393151259236038
0.38574668681249
0.204949903907254
0.315546308504418
0.30219541369006
0.32344854301773
0.39910781448707
0.323547217762098
0.286770418006927
0.329814406996593
0.237464321171865
0.294040941772983
0.337282183766365
0.297920855460688
0.289842912601307
0.389281163318083
0.213004853576422
0.204631161829457
0.285370559757575
0.268366010021418
0.382683484908193
0.248226671898738
0.22100138720125
0.306538083497435
0.365658339299262
0.378646312793717
0.260019189585
0.376007128832862
0.212436215160415
0.34710971317254
0.331907858606428
0.258427387010306
0.204353338759393
0.222429914353415
0.290893471846357
0.358526106132194
0.28923294977285
0.211551012657583
0.346947137964889
0.394646062608808
0.237126372382045
0.314274481823668
0.301525315502658
0.339150604465976
0.370987625280395
0.270249314419925
0.268925937777385
0.310263076703995
0.318524704966694
0.309077598946169
0.254723032470793
0.310608804319054
0.242051083734259
0.315106413839385
0.221287210891023
0.316237393487245
0.255449126940221
0.335470628878102
0.312527374457568
0.248997123725712
0.288459433428943
0.379694965761155
0.393493947060779
0.217512871464714
0.346118783019483
0.346741150552407
0.351773327682167
0.322331219213083
0.361189009202644
0.235439949017018
0.262499720044434
0.255023252638057
0.268172094970942
0.319100634427741
0.245210255961865
0.373789432039484
0.323847791552544
0.375582915730774
0.372749046422541
0.295681167813018
0.285513236466795
0.224072698131204
0.263545661652461
0.3452961220406
0.395573681453243
0.398359829327092
0.37162959240377
0.269496723171324
0.312746927887201
0.224250604957342
0.399167251680046
0.253057153522968
0.355420633684844
0.333467300841585
0.267945551453158
0.246854127105325
0.250039710802957
0.332218256313354
0.338535130443052
0.373856650991365
0.284652399318293
0.293760121893138
0.364675731165335
0.296756260469556
0.352228981535882
0.346610806370154
0.293822275521234
0.301617843471468
0.385698400111869
0.342875809548423
0.223410976212472
0.324661125335842
0.348020159639418
0.239188853185624
0.341309205023572
0.369331223331392
0.270113082090393
0.298690570611507
0.376861481089145
0.260934813832864
0.344092355156317
0.260132894013077
0.335903978953138
0.273882558615878
0.236853035492823
0.320073673594743
0.30548738297075
0.284464749787003
0.330981372715905
0.216713109659031
0.327846668893471
0.277132086968049
0.347662630584091
0.228665462136269
0.218331669410691
0.352180470433086
0.338928991835564
0.218899318948388
0.345674413023517
0.39438898935914
0.382185457274318
0.386466177273542
0.247400427423418
0.363055488839746
0.278307904815301
0.32343067554757
0.242566419392824
0.383895103214309
0.253018348338082
0.28285503317602
0.367826459510252
0.226670217840001
0.271985039580613
0.250607263110578
0.253105300106108
0.248383098933846
0.39271120778285
0.337449995428324
0.372105837147683
0.242141437437385
0.380623051803559
0.288818127661943
0.234401511540636
0.295261910138652
0.245189334172755
0.367374158557504
0.288601293414831
0.361443739291281
0.330839884094894
0.236939246812835
0.248360451357439
0.235917877638713
0.291644711606205
0.337883189273998
0.387056933250278
0.222223606100306
0.353008362231776
0.265750556113198
0.203233612747863
0.275940349558368
0.383073762711138
0.350169654516503
0.202990541188046
0.25795362778008
0.279937108419836
0.265328266611323
0.245932225044817
0.275056714890525
0.306729454640299
0.381303872261196
0.368301273370162
0.350166562944651
0.224372866563499
0.38584682168439
0.344806952914223
0.338199222274125
0.38144480548799
0.365609806682915
0.26435817014426
0.286196311516687
0.284905650466681
0.364660324435681
0.366238620551303
0.32601178730838
0.209260975942016
0.284821239672601
0.280765626532957
0.230228391336277
0.358511267276481
0.330804832465947
0.200369276292622
0.367181945545599
0.228103640908375
0.306357947038487
0.365758413029835
0.389085051510483
0.210644534835592
0.282910250546411
0.399343818658963
0.325209820363671
0.326377335144207
0.25413842103444
0.384624883532524
0.369774497346953
0.211236661020666
0.31130463979207
0.390800701919943
0.352287703054026
0.395940190181136
0.384784993901849
0.250089424336329
0.293573429295793
0.345776915503666
0.220075969863683
0.333995686611161
0.359807513095439
0.286017575999722
0.265118381055072
0.261086800834164
0.207307539694011
0.341824451740831
0.381703542172909
0.206568071758375
0.257336640870199
0.295198200456798
0.287716944422573
0.311732308100909
0.376734168082476
0.331223706807941
0.339761943230405
0.237883281102404
0.205478022200987
0.397806706652045
0.321138261910528
0.276026278361678
0.339069317141548
0.230179109424353
0.334778698114678
0.207080022804439
0.20840723561123
0.358326852647588
0.316429546568543
0.324200360430405
0.379506074776873
0.337585296621546
0.277379996608943
0.290162025811151
0.397079456271604
0.355181324807927
0.397565719718114
0.232280746661127
0.314428897760809
0.222684948379174
0.343190188426524
0.266935274703428
0.373136186413467
0.274303428642452
0.208966504083946
0.256707624392584
0.399137118086219
0.243370275013149
0.368498801486567
0.304279747977853
0.379091956233606
0.281388001190499
0.253373696561903
0.31470352220349
0.390178561396897
0.257738675130531
0.245278878603131
0.229398646019399
0.278407805832103
0.261505588609725
0.348735209554434
0.286329939449206
0.254769063089043
0.211141860531643
0.385629289783537
0.226321425614879
0.247362687252462
0.380175764346495
0.286630601808429
0.340330246649683
0.222364911204204
0.210613747593015
0.353249085741118
0.39720711982809
0.370307403430343
0.305828122561798
0.26410061349161
0.255268733249977
0.343697855528444
0.263606470776722
0.276610975386575
0.392767987819389
0.353948009759188
0.363134526414797
0.377823169110343
0.206450371770188
0.236664646770805
0.364601747272536
0.340458388952538
0.367590339574963
0.272894834820181
0.295768870273605
0.320108317025006
0.299914522096515
0.329542294098064
0.274472629651427
0.221708793286234
0.256029833108187
0.343108075810596
0.376171813160181
0.253964447975159
0.35309071126394
0.345324575947598
0.320118494704366
0.359146396303549
0.314953165920451
0.359001272311434
0.347186095826328
0.309977526031435
0.331400376791134
0.300606928253546
0.318842390691862
0.399784121708944
0.241186497546732
0.28676421600394
0.296173234237358
0.231489995867014
0.255817990656942
0.33638414721936
0.201028270414099
0.286838103551418
0.262973359972239
0.341494613979012
0.22445280929096
0.222567441733554
0.348452994972467
0.397808309085667
0.243691360019147
0.335153859248385
0.241182529041544
0.335053133685142
0.326938400091603
0.29960253178142
0.320930801006034
0.220340314414352
0.212876576371491
0.237116311583668
0.235276451287791
0.232849206868559
0.203986967541277
0.329955338407308
0.332683468796313
0.277229833835736
0.395841381093487
0.255670782085508
0.290654691215605
0.212656248128042
0.262315224157646
0.263590093143284
0.299852476082742
0.303493910236284
0.345697421766818
0.374584373040125
0.321356711583212
0.229284487571567
0.289464674470946
0.33283891803585
0.306109216203913
0.258640041947365
0.376704776380211
0.248053878173232
0.345154889859259
0.337645010650158
0.326860879780725
0.208685338124633
0.363656203821301
0.249221491254866
0.342064598063007
0.287977642659098
0.356292214710265
0.361916377395392
0.297078086435795
0.389937265170738
0.286207348015159
0.264144983049482
0.282227616431192
0.208278150996193
0.317745257215574
0.340781725617126
0.252105935569853
0.312964920373634
0.212054158886895
0.318590121390298
0.305684443376958
0.347966765519232
0.389151839865372
0.368163911858574
0.339658248145133
0.247899882541969
0.236127155646682
0.298463641433045
0.340631344402209
0.38546228306368
0.365460691507906
0.313613886618987
0.384862888837233
0.283914951700717
0.299961364082992
0.350677412096411
0.322303745616227
0.264202546002343
0.280736218299717
0.350204141344875
0.235840445710346
0.361509235855192
0.272634361870587
0.368402448808774
0.21731008454226
0.201538232108578
0.204565401840955
0.230231253802776
0.321051982883364
0.31470908112824
0.353119246847928
0.299468079721555
0.288780537573621
0.259806940704584
0.228927872236818
0.386762055940926
0.347826624801382
0.338764539174736
0.229722687602043
0.335867026820779
0.242957127094269
0.385184144368395
0.372561412397772
0.36972497003153
0.371451860712841
0.227362566487864
0.303909848351032
0.227530065737665
0.237564420513809
0.213988249469548
0.237039898987859
0.286395846819505
0.286997135588899
0.294359007896855
0.23115443373099
0.371754278242588
0.389561179000884
0.353851388441399
0.304559591552243
0.385233593173325
0.298632365651429
0.209895052248612
0.386093057785183
0.307594753010199
0.279828228708357
0.312361425161362
0.375936233531684
0.354236159659922
0.341691448446363
0.257812431594357
0.21209330810234
0.311555892508477
0.363352008163929
0.335198604781181
0.354484598757699
0.311190885538235
0.30818422944285
0.313039665808901
0.316129555553198
0.361548490356654
0.333797547733411
0.321960868360475
0.265731404768303
0.241007371619344
0.299523213645443
0.295248231710866
0.216166477277875
0.28684805794619
0.240756197320297
0.23373546237126
0.250617307471111
0.318174966890365
0.227584126917645
0.205708298133686
0.233180952770635
0.295393053255975
0.255612198309973
0.208207748783752
0.275367265660316
0.237409466411918
0.214562582690269
0.329069639649242
0.293146269908175
0.273523544380441
0.207498547947034
0.397158417711034
0.25745391282253
0.29078014511615
0.209475561277941
0.239906266052276
0.307834374764934
0.265094469441101
0.239343038666993
0.277758460585028
0.340425388840959
0.279050946515054
0.312615391658619
0.300047624669969
0.275844627758488
0.207105545373634
0.230474080517888
0.314827469177544
0.248122295597568
0.313344377605245
0.267659766320139
0.330775809567422
0.236776516912505
0.273029023595154
0.20255384077318
0.230738809751347
0.303759996313602
0.314971719821915
0.296321804169565
0.343939195433632
0.338822393165901
0.348677838360891
0.395165514573455
0.33830769858323
0.244534992519766
0.321316862478852
0.274529257230461
0.363184935646132
0.327693220973015
0.384667118545622
0.353222486423329
0.246490216674283
0.311905742296949
0.213841217337176
0.298790629161522
0.276350211072713
0.302807013876736
0.385617422126234
0.306824488611892
0.234063050150871
0.272418285394087
0.306216896278784
0.358878077939153
0.233130803285167
0.384013741230592
0.314333830308169
0.260480942390859
0.329372513992712
0.201315956562757
0.364519363595173
0.386421440960839
0.343674723664299
0.2756198419258
0.38582426244393
0.256909739598632
0.30999245964922
0.240210671536624
0.309772586682811
0.278832883806899
0.332872425019741
0.363619485544041
0.305228060064837
0.374066029628739
0.38914785454981
0.259212791221216
0.253080951236188
0.377194977086037
0.359732951177284
0.399795081885532
0.318516760179773
0.238234086101875
0.305990219349042
0.28453105147928
0.396043055830523
0.320641923090443
0.222000078996643
0.284843951044604
0.243663350120187
0.291955025773495
0.396999651240185
0.267086234083399
0.359774150932208
0.382524971291423
0.268302009068429
0.286774460365996
0.363722277572379
0.367468545120209
0.257943081855774
0.270052822865546
0.275594854075462
0.202851726207882
0.249127596151084
0.28006532555446
0.353906734660268
0.203285037912428
0.313868758128956
0.369433644833043
0.39156853328459
0.392031855974346
0.235454105772078
0.328243532823399
0.267261749505997
0.335315719852224
0.378733266983181
0.281277478625998
0.21154610957019
0.281611503660679
0.281016947608441
0.216380828944966
0.267109754262492
0.382229227712378
0.39469895735383
0.329156550625339
0.304541114158928
0.278720981022343
0.258536689728498
0.217632393725216
0.397659734683111
0.214914490003139
0.335653433203697
0.27942328620702
0.288563936389983
0.362432731501758
0.350611114967614
0.323232073057443
0.382889408431947
0.373341338895261
0.389023855002597
0.207422852097079
0.31605374715291
0.334111500438303
0.30951416362077
0.325947582395747
0.394619442336261
0.27263762797229
0.240646227542311
0.264832419622689
0.257852020813152
0.281595088308677
0.392010744847357
0.282747437851504
0.238263316033408
0.302965468401089
0.361970685096458
0.337355167791247
0.336830146424472
0.203470094827935
0.244753210805357
0.29632662422955
0.348391214339063
0.316319552715868
0.3122284386307
0.261868372280151
0.302467752480879
0.240537263918668
0.355061876634136
0.392616082448512
0.320452434243634
0.256941056251526
0.374608767591417
0.237497360957786
0.276386684784666
0.264039575867355
0.368674683244899
0.207027221145108
0.27875276808627
0.272166711697355
0.319152216706425
0.291844045137987
0.321092844940722
0.313880353746936
0.320017553493381
0.246032156888396
0.333511051768437
0.23046588068828
0.329414160456508
0.310107343364507
0.201982077676803
0.265593027509749
0.268379467492923
0.304150614980608
0.296000735927373
0.218778944667429
0.313779736869037
0.220988993672654
0.276699911570176
0.329494425887242
0.234184844139963
0.388757223589346
0.209760093409568
0.3423128626775
0.310951200081035
0.268407692061737
0.211512852041051
0.382290759356692
0.370617505116388
0.315214043064043
0.275015840446577
0.382729504816234
0.352113149594516
0.237217116588727
0.362044020090252
0.386839728383347
0.294848684826866
0.231509981537238
0.231063279183581
0.294121240545064
0.313111747289076
0.315397533308715
0.27867422727868
0.333135832939297
0.360158202284947
0.224406432081014
0.397766536008567
0.306204403564334
0.317037492524832
0.214262478984892
0.356700592581183
0.254563391022384
0.280632558790967
0.377359341597185
0.206479199742898
0.236353246169165
0.381164562841877
0.310215880163014
0.366021728981286
0.347553283814341
0.342172007681802
0.311324445018545
0.222417525807396
0.235243852902204
0.330767871532589
0.297204425511882
0.385985453473404
0.24698399878107
0.240649721166119
0.306979087507352
0.200542664667591
0.303984617255628
0.228791527962312
0.343450289359316
0.246297928225249
0.230575089436024
0.366703361365944
0.30295802783221
0.366910079168156
0.209184849821031
0.308203561650589
0.344147781142965
0.347454769769683
0.314577157748863
0.371161946095526
0.226869807159528
0.38053220086731
0.23194477763027
0.280819666013122
0.283346229651943
0.238748039212078
0.373568077851087
0.225312824873254
0.270107535552233
0.335305083869025
0.377181411907077
0.220657845586538
0.396221420448273
0.29372576395981
0.38558693327941
0.246245938446373
0.337136263307184
0.308281525643542
0.322446700697765
0.218541269283742
0.223691173130646
0.350449618231505
0.251381278224289
0.258309750724584
0.246364413062111
0.300091464631259
0.386873761331663
0.312152886111289
0.262897072918713
0.211078591179103
0.277509282529354
0.280100232549012
0.36619839463383
0.282413057144731
0.333316875481978
0.394130691839382
0.275680305901915
0.218912686686963
0.39323122035712
0.217445002356544
0.334546950925142
0.334374356595799
0.263946166587994
0.233227875130251
0.292189589794725
0.265951805701479
0.289367154380307
0.275254798959941
0.247359679499641
0.238414453109726
0.261618863418698
0.376167492289096
0.379354839585722
0.326688955584541
0.31150830690749
0.312432271847501
0.258823271375149
0.340623132325709
0.208909061457962
0.238649945287034
0.266636277968064
0.224149283999577
0.286501866206527
0.256307625444606
0.260237561352551
0.358909570006654
0.20021650698036
0.286280521098524
0.231393170636147
0.259025370609015
0.204064360680059
0.345456642378122
0.364058218616992
0.396128424536437
0.350769929261878
0.239126933179796
0.216034815693274
0.309839761443436
0.218430206552148
0.268621701467782
0.289183836197481
0.296642813412473
0.280446253251284
0.290570019604638
0.366038221819326
0.342547345673665
0.300752051500604
0.327847785269842
0.262514710007235
0.204500577691942
0.379372086701915
0.274352213228121
0.295592120289803
0.399690830847248
0.337533667171374
0.286351343244314
0.396359733538702
0.309812337579206
0.304287200281397
0.330359555641189
0.392762475833297
0.296974441548809
0.275094655621797
0.220259509794414
0.257221803348511
0.251596268825233
0.366042181011289
0.322480873577297
0.253593602078035
0.241381910815835
0.270900812605396
0.225326402625069
0.344111904129386
0.250107795977965
0.353019873751327
0.255563865508884
0.315846350323409
0.341089685074985
0.31346021424979
0.370848011830822
0.333143595512956
0.23215252365917
0.283910216530785
0.302915967581794
0.298729862179607
0.378701817058027
0.251421490684152
0.336785203730688
0.393607896752656
0.349938441580161
0.215851999400184
0.245526051986963
0.30387354795821
0.254059398081154
0.379665564745665
0.286481359880418
0.39792614467442
0.288143539009616
0.315976117365062
0.242554685706273
0.292937904736027
0.319445904809982
0.303068791329861
0.381790068047121
0.319916948117316
0.281846223492175
0.395303854951635
0.285107340058312
0.307699570478871
0.221913357870653
0.280291821015999
0.265472698770463
0.224106466211379
0.359355260664597
0.276011243322864
0.333079771744087
0.314115199400112
0.238642048370093
0.230767745710909
0.291471983818337
0.237430235370994
0.392055332520977
0.326359840389341
0.261787308938801
0.384725986840203
0.253028425946832
0.34585771667771
0.315899201342836
0.213368583191186
0.206159177934751
0.383317210432142
0.352839460130781
0.285561703937128
0.238347794767469
0.309926378168166
0.213045425945893
0.208907656744123
0.227728507854044
0.323514057137072
0.263125713262707
0.348700899863616
0.215893749892712
0.355925892107189
0.391430811025202
0.299492347892374
0.391405554162338
0.258286493830383
0.353108750609681
0.231676307972521
0.387108595576137
0.285560092888772
0.21021991930902
0.22568747154437
0.207573647005484
0.333796041598544
0.298487667553127
0.203326240275055
0.256610401673242
0.200967889511958
0.317209321679547
0.231326119229198
0.251774531556293
0.295331581681967
0.327123816264793
0.35582864927128
0.278869834309444
0.274950743792579
0.219834432424977
0.315003313915804
0.307795122265816
0.25665574260056
0.288469443144277
0.372676023794338
0.213478533318266
0.259794423403218
0.345554261980578
0.297254820587113
0.334704911755398
0.369978347793221
0.248666496714577
0.310919587127864
0.277063740650192
0.29726565880701
0.399661252927035
0.366155974613503
0.355352825624868
0.367468212451786
0.249452811619267
0.392762843053788
0.388917908910662
0.330842709075659
0.323503010720015
0.36436391659081
0.216961393179372
0.282213473133743
0.336511486582458
0.238174612494186
0.234605813445523
0.277895538089797
0.344055128796026
0.312379809655249
0.240092004043981
0.310861636325717
0.311906590592116
0.27283179317601
0.383330070134252
0.374258866067976
0.273703912645578
0.225565625773743
0.240944077959284
0.213501275843009
0.279740704223514
0.39696861053817
0.308312459941953
0.315274870628491
0.270816836878657
0.233635459234938
0.302898168144748
0.251486677583307
0.233262124005705
0.248196744779125
0.335201577562839
0.226701089087874
0.321634067362174
0.360968832438812
0.355274917325005
0.395753210270777
0.313556910119951
0.378604327933863
0.247174129262567
0.287919076904655
0.281577447988093
0.225541066285223
0.357446608133614
0.248626074008644
0.21118381479755
0.352184520475566
0.270251192850992
0.252485943166539
0.2645828879904
0.312781895138323
0.230526482593268
0.227823204128072
0.319140371866524
0.262135820370168
0.21559857041575
0.245317450072616
0.322930910252035
0.333638789644465
0.211766160046682
0.306682839151472
0.289788649557158
0.270493280282244
0.366985248960555
0.249160524504259
0.261227243486792
0.35437838002108
0.364950291160494
0.280549163650721
0.314028048375621
0.2055661783088
0.286211441364139
0.300579377589747
0.303469266230241
0.333149727806449
0.388848447753116
0.371336944960058
0.352348881261423
0.265345593355596
0.276957091176882
0.262297690287232
0.356393759697676
0.228114616964012
0.303015779564157
0.355585077684373
0.218546334421262
0.203998932428658
0.367922960268334
0.256047550914809
0.287586203915998
0.307717938907444
0.317764407861978
0.301038196263835
0.348918827949092
0.251056408649311
0.206481773639098
0.30748532791622
0.335170127963647
0.290207848185673
0.311450935713947
0.317901584878564
0.330082937050611
0.374800128908828
0.234587313840166
0.399548447877169
0.334646582789719
0.297664778539911
0.271166995866224
0.286077650124207
0.380011466238648
0.340622206777334
0.356793672265485
0.275184161169454
0.363759334757924
0.258365644654259
0.200781064853072
0.352477695466951
0.250326426280662
0.235894517833367
0.366259894380346
0.283406832814217
0.374976911675185
0.347907566372305
0.357951548090205
0.298240972636268
0.338585118344054
0.201092913094908
0.320685350662097
0.341566967498511
0.32716473727487
0.283191473409534
0.232424714462832
0.225635167350993
0.35210501444526
0.33613869654946
0.323045295616612
0.232469028560445
0.250703876465559
0.311418013321236
0.233829440455884
0.336898113181815
0.397812728723511
0.362702719355002
0.36320082466118
0.25396517640911
0.393053419608623
0.311571476515383
0.32405107175
0.283553230343387
0.3100061068777
0.346196382585913
0.245884470408782
0.380662111798301
0.379626032756642
0.393943497957662
0.391711949370801
0.229965850245208
0.204980423068628
0.284699580352753
0.387619264470413
0.380356847820804
0.333326877327636
0.296773752663285
0.248093376914039
0.263957833871245
0.260521447658539
0.289573249127716
0.305531936138868
0.351921272557229
0.305135938245803
0.271196132432669
0.221818703785539
0.258136810688302
0.316454849857837
0.285095756687224
0.276773930108175
0.242329771118239
0.332471199939027
0.298594975378364
0.340395230753347
0.386842161696404
0.256259480724111
0.398808204801753
0.201814489858225
0.322973687760532
0.27680417872034
0.335454848082736
0.291759121557698
0.390940852137283
0.316006504371762
0.203297725738958
0.379277921607718
0.206149842776358
0.274568859487772
0.288720099348575
0.321673446660861
0.288010708708316
0.399595199897885
0.352885403297842
0.334669473022222
0.305111502623186
0.348147791391239
0.394337875908241
0.277449652785435
0.32812066571787
0.209097285429016
0.350565496878698
0.329188516922295
0.222940222173929
0.344563884939998
0.325052100745961
0.356395169813186
0.215854391502216
0.338964009331539
0.217331686522812
0.398183286283165
0.255044774338603
0.280558422394097
0.396710182633251
0.236412062728778
0.283486670255661
0.312049269396812
0.344690766837448
0.394332951260731
0.360666572395712
0.348698148038238
0.329669897723943
0.269728315621614
0.349835822079331
0.244093951722607
0.317275253217667
0.382863611867651
0.259112162468955
0.344838561071083
0.292925266316161
0.255916248355061
0.37973672458902
0.388856975222006
0.261339747626334
0.212898673117161
0.219202524889261
0.329733288334683
0.34059123666957
0.286800877843052
0.219082932081074
0.240343346400186
0.291260345745832
0.289366320054978
0.277425423217937
0.250893178815022
0.225141005357727
0.382723009120673
0.288723854487762
0.274264447716996
0.394030542112887
0.299942306987941
0.23954978082329
0.271837098011747
0.342627590382472
0.20221620099619
0.315990680037066
0.360570330871269
0.39883901081048
0.250896041607484
0.202116604242474
0.356907887384295
0.263827692717314
0.372993013774976
0.387152821104974
0.300036809314042
0.308532982738689
0.357372597744688
0.279354064725339
0.361571222869679
0.298448851332068
0.354582378361374
0.222584385378286
0.327889317087829
0.314496028702706
0.394047152344137
0.354881965648383
0.283220788836479
0.264641790185124
0.247305234475061
0.224119708035141
0.241675488324836
0.298958462849259
0.318209094274789
0.382602182962
0.381106845475733
0.29666775316
0.372582277702168
0.347298060264438
0.355398074397817
0.312486777221784
0.274664498306811
0.343470374541357
0.376514942152426
0.301302575040609
0.36547589590773
0.344583628512919
0.307114468002692
0.259699645452201
0.21427692649886
0.32184408926405
0.357190091302618
0.308208229206502
0.354144906671718
0.38360332637094
0.392655856860802
0.289831894310191
0.248446068400517
0.311517035402358
0.267572218971327
0.208391413651407
0.27654393571429
0.311897262791172
0.399753023218364
0.243335887696594
0.223897516867146
0.294620428374037
0.382456917129457
0.227327204914764
0.330531790759414
0.360052134748548
0.203590096486732
0.211851072544232
0.397349429456517
0.276572885876522
0.341769264172763
0.38347679041326
0.276404361566529
0.284563598129898
0.327792279468849
0.332287800684571
0.21257904577069
0.387300544045866
0.372559906821698
0.335750140994787
0.365065235318616
0.362112382892519
0.239714486012235
0.261283799167722
0.30110877668485
0.218024001037702
0.351167791290209
0.21485884883441
0.257418025843799
0.24205652391538
0.314340526796877
0.382165025826544
0.276644234871492
0.201498311152682
0.213243687385693
0.377926842356101
0.362014154717326
0.345381497405469
0.207243521697819
0.300891443481669
0.306311754090711
0.214004113618284
0.288705485314131
0.273427721811458
0.333323192037642
0.208585384581238
0.313406878197566
0.234974394040182
0.207734873425215
0.302451666258276
0.244643433950841
0.268770776968449
0.370317782461643
0.399032638594508
0.377169565251097
0.390415360266343
0.393034356413409
0.211654564552009
0.242117261514068
0.263346519228071
0.288969698501751
0.314073226833716
0.387802581349388
0.211908629955724
0.236416287394241
0.253218771470711
0.387068022694439
0.362011917540804
0.350143357552588
0.263620828138664
0.209768964815885
0.243757422920316
0.325131888221949
0.390974595816806
0.393710950110108
0.251289801858366
0.239253763435408
0.228922170586884
0.234942191606388
0.307447396405041
0.253377973288298
0.220667112711817
0.33479466997087
0.330234466260299
0.369152723951265
0.220812558708712
0.305504685593769
0.298696652008221
0.355634877970442
0.232226783642545
0.294177847448736
0.399183903541416
0.373048885725439
0.372682779189199
0.208818109426647
0.37913139523007
0.292303278762847
0.208971232222393
0.399588168645278
0.269308002479374
0.345799170760438
0.348969282303006
0.250384381599724
0.218133331416175
0.316585715208203
0.219721375498921
0.270896456902847
0.260750973969698
0.224192269612104
0.353562633693218
0.20395134286955
0.222224047966301
0.341676079388708
0.320341254537925
0.277111976593733
0.32668366311118
0.366094085806981
0.345418535033241
0.239720292016864
0.2214915829245
0.240346760628745
0.240386919025332
0.251313699921593
0.377481049252674
0.262377338064834
0.340280049061403
0.394289747066796
0.244816683512181
0.307306624483317
0.313574460661039
0.212901170551777
0.266170518519357
0.337091883970425
0.368996884394437
0.237191373528913
0.36949622980319
0.315859639691189
0.296791083738208
0.238177668210119
0.361316252825782
0.302734725642949
0.229735992196947
0.352198521234095
0.34712838344276
0.291536758001894
0.340370277687907
0.336717724381015
0.396564362756908
0.345877894107252
0.210271874768659
0.288356834417209
0.311386786028743
0.279395713750273
0.26888544796966
0.35078671197407
0.234978085150942
0.32677297424525
0.383746021986008
0.38758342191577
0.254360981285572
0.319201333774254
0.376257502380759
0.252768055442721
0.361137660546228
0.362054169178009
0.239530624821782
0.242935690935701
0.370335497194901
0.393898426927626
0.256175947468728
0.30046735922806
0.236329184053466
0.218678184086457
0.295122903957963
0.304346523573622
0.201281524635851
0.267244500247762
0.349723994452506
0.278744851984084
0.287254315428436
0.376807160070166
0.360572289349511
0.22439055130817
0.275704916892573
0.393770485883579
0.386797002423555
0.351752641424537
0.37484725820832
0.289321785466746
0.280164182651788
0.279451754083857
0.209883677586913
0.237503455067053
0.373679029848427
0.25797828193754
0.322643147222698
0.205668114032596
0.366823094990104
0.386413763696328
0.225210255431011
0.248721706354991
0.37387279542163
0.303566841781139
0.240593513706699
0.267993804439902
0.220390316145495
0.356570019433275
0.311450961139053
0.367713653855026
0.209912249911577
0.212967254174873
0.284694582456723
0.333525495743379
0.277203104551882
0.373840429726988
0.251043766643852
0.341021090652794
0.387072561774403
0.371987452497706
0.213706586603075
0.290037528285757
0.217291650315747
0.373876623762772
0.200159458257258
0.230657668504864
0.320065500261262
0.392414493579417
0.347791627049446
0.328496801713482
0.250489508593455
0.259478071099147
0.285791371157393
0.280309924669564
0.315194151736796
0.312200838746503
0.320277748303488
0.297071006987244
0.216619705129415
0.346336286095902
0.354034975264221
0.375514608342201
0.238989822659642
0.235062551638111
0.368795088445768
0.276565549196675
0.317828783812001
0.230136595899239
0.233757414389402
0.356455174414441
0.395780531456694
0.32291315193288
0.224663702957332
0.269522478431463
0.236883842432871
0.349341545579955
0.304321435978636
0.310333007993177
0.205158647103235
0.335958778858185
0.397845114953816
0.343642745632678
0.222799843130633
0.234223779570311
0.202683421736583
0.263647781684995
0.317429717676714
0.351968436455354
0.252421187795699
0.353229607315734
0.281754384515807
0.325951545545831
0.338249754160643
0.346661803452298
0.395834172563627
0.290724224504083
0.304055532673374
0.284907199023291
0.398080779518932
0.28224045727402
0.243922497937456
0.314161126269028
0.396707929298282
0.271112632192671
0.244724933896214
0.256345749460161
0.386477311141789
0.364407641068101
0.254057816136628
0.359896558662877
0.377311903703958
0.217141573503613
0.369119547493756
0.304292593197897
0.28028562264517
0.381063155690208
0.339716513128951
0.265869806194678
0.377506439294666
0.343510206695646
0.320953517593443
0.263981061801314
0.373789078462869
0.26830198331736
0.303564371541142
0.363719272380695
0.234785250481218
0.216097580688074
0.228550375439227
0.21660017487593
0.268110328214243
0.298939943732694
0.3099839088507
0.390363164292648
0.374875217815861
0.231892982078716
0.223014666466042
0.26575915995054
0.314462548680604
0.211845303978771
0.333585993247107
0.331760361185297
0.320975832827389
0.370909379469231
0.272783889481798
0.204181213863194
0.346714296843857
0.283380659017712
0.200976360403001
0.234834213089198
0.356801095930859
0.312179901776835
0.307085012458265
0.228708850592375
0.28289069798775
0.302534063486382
0.256456166598946
0.316413814853877
0.352486924082041
0.369370255153626
0.379144631419331
0.358975314255804
0.215121184987947
0.225068497704342
0.371487648878247
0.251562536880374
0.238784464169294
0.322795023303479
0.310997786046937
0.379188763769344
0.325669551128522
0.344652819773182
0.248518533213064
0.257454640232027
0.233926296280697
0.381000427249819
0.326681659370661
0.237252548709512
0.204231303511187
0.211248518433422
0.219928184151649
0.259822691045702
0.381580984592438
0.36246886192821
0.309622387681156
0.394619556190446
0.38482540003024
0.229683095635846
0.301974617643282
0.307514762599021
0.308574749762192
0.336476585781202
0.394109855033457
0.372453781403601
0.303972003469244
0.295683288481086
0.251316908886656
0.226945308828726
0.201249197777361
0.29824729654938
0.388601512089372
0.233979798480868
0.257083111722022
0.258230796968564
0.348116042232141
0.220038075279444
0.243635707953945
0.352300650533289
0.266938168741763
0.201158780092374
0.243686810927466
0.217685256851837
0.28800357975997
0.306499430816621
0.232017289521173
0.295124104339629
0.224577021179721
0.325446333130822
0.347618538001552
0.27540930211544
0.391807221854106
0.338295613368973
0.291779945604503
0.351622471073642
0.378277234174311
0.29504184438847
0.255853615188971
0.204385784780607
0.255754128750414
0.206865648413077
0.2171621597372
0.291654774779454
0.300496331881732
0.226947462745011
0.323996424209327
0.360518832085654
0.30208980278112
0.386907248711214
0.336427212925628
0.39143845573999
0.238744834950194
0.291415364854038
0.207830495154485
0.329025821713731
0.308615725627169
0.201538542797789
0.331121308822185
0.329726681113243
0.296679991809651
0.361685867235065
0.293984578317031
0.376241145282984
0.244683159003034
0.316232521599159
0.268749725073576
0.277194987423718
0.386596557637677
0.391953665437177
0.31550473482348
0.399320585466921
0.304244705149904
0.266177769238129
0.356467144470662
0.217108529433608
0.248895168676972
0.277289514336735
0.320697378460318
0.334957792796195
0.22245841990225
0.334706363035366
0.25678507653065
0.325376313179731
0.304098882293329
0.347798072360456
0.297528811451048
0.366341941617429
0.299686601711437
0.278333816491067
0.271557366941124
0.297768456349149
0.329526035068557
0.274870168277994
0.209090030984953
0.389393846364692
0.324907672312111
0.296258471859619
0.365916415769607
0.203898622281849
0.246892431704327
0.357667042408139
0.329255130887032
0.356273112213239
0.317626255005598
0.355649464903399
0.337620172230527
0.21638886956498
0.351063027232885
0.266060698078945
0.360041235061362
0.245113923400641
0.348204298969358
0.264688235800713
0.31779907993041
0.242547596478835
0.301654544100165
0.391830438561738
0.380163940787315
0.283032566774637
0.35071795489639
0.392121400171891
0.301380557240918
0.289037524769083
0.254422396142036
0.298330367589369
0.263480328395963
0.359759542997927
0.268530024308711
0.360670956457034
0.294147778255865
0.304717848915607
0.259344563959166
0.20440299375914
0.374900855263695
0.310773448785767
0.275860031275079
0.228456080099568
0.395904764346778
0.303182789031416
0.26172584076412
0.375564918573946
0.217568330140784
0.282143021887168
0.345279160095379
0.306892522703856
0.28782666772604
0.33810081477277
0.265018820716068
0.310321907093748
0.283123582554981
0.388544761948288
0.242659883014858
0.367406748235226
0.302056781062856
0.317369447089732
0.381457663327456
0.349408865300939
0.255134904338047
0.389081945642829
0.241929120291024
0.388943995721638
0.285961779020727
0.245605657249689
0.396558506367728
0.380387482699007
0.36007581059821
0.231704738130793
0.244425808032975
0.306902413861826
0.219108994212002
0.212414753669873
0.29573376076296
0.393494170811027
0.362467534933239
0.294033861579374
0.29121987358667
0.280608560936525
0.25223655262962
0.373774624895304
0.386879453621805
0.240927468286827
0.3080287178047
0.34346103114076
0.338839059323072
0.272117735911161
0.37157223392278
0.384561242954806
0.371649725409225
0.207613653829321
0.381699700839818
0.254675764869899
0.200583728123456
0.234845954179764
0.389415711723268
0.238044331921265
0.236021598707885
0.290218934090808
0.229565268661827
0.344024770474061
0.389924081368372
0.311641544755548
0.315927359601483
0.331175684416667
0.361349179968238
0.363615264138207
0.316109963087365
0.311004397692159
0.261210015229881
0.321662078471854
0.28666805527173
0.251614285632968
0.277647080086172
0.352911763219163
0.223416376812384
0.335414145467803
0.253877167915925
0.260776253184304
0.297340990230441
0.399041303573176
0.353351970994845
0.20557671636343
0.306277105724439
0.250371309369803
0.292283749813214
0.206322112586349
0.377892553946003
0.346905905520543
0.366729715233669
0.286046670982614
0.375799725390971
0.342701791971922
0.38854683036916
0.336316692922264
0.383113801851869
0.265177326370031
0.24503243919462
0.266975233284757
0.241967880865559
0.280527327023447
0.32597362967208
0.210509429452941
0.246399401081726
0.281852641375735
0.349954460095614
0.310286706732586
0.287642951868474
0.252860170137137
0.222083930717781
0.342401601281017
0.388899866258726
0.256336125871167
0.26807461339049
0.364550781529397
0.311857312452048
0.242427095770836
0.289849866367877
0.278027161443606
0.3525305993855
0.330631074821576
0.224055518815294
0.238430571649224
0.32953020776622
0.241995206754655
0.389381812512875
0.229755054181442
0.257020170520991
0.273265387397259
0.273206750070676
0.262451534392312
0.301567024877295
0.371484473021701
0.283150698617101
0.380657599680126
0.252592528657988
0.397248214529827
0.343670525401831
0.384492157446221
0.288520676642656
0.324980095820501
0.232112118601799
0.227635211963207
0.241571175819263
0.265406554471701
0.332162455422804
0.318997424375266
0.292906158789992
0.32724210107699
0.28782166284509
0.266484991181642
0.364340317202732
0.293018112704158
0.28975488669239
0.266269296687096
0.236238204920664
0.319712940091267
0.350307167321444
0.284848410636187
0.270866128103808
0.357072444073856
0.290923720505089
0.285630493145436
0.274358070874587
0.274901314545423
0.244446802465245
0.241342975758016
0.203614715114236
0.35232157278806
0.392572556948289
0.330703457677737
0.256885238504037
0.394588202470914
0.394821755588055
0.310783948097378
0.267451739404351
0.270130367018282
0.224487532721832
0.358364068390802
0.325053726648912
0.273948166472837
0.335534340888262
0.245789618557319
0.230201432108879
0.356459902832285
0.305011688079685
0.256288515916094
0.370607564551756
0.363654345553368
0.237092653196305
0.3812330506742
0.385616013081744
0.302692961879075
0.287645478127524
0.25786444102414
0.229749424662441
0.360117442533374
0.351705591147766
0.313350950367749
0.288292437558994
0.3989521545358
0.290106049505994
0.380831528222188
0.223746628267691
0.326161041343585
0.247928457986563
0.248496077070013
0.367236542142928
0.34334916700609
0.375956499157473
0.333108919393271
0.363210902875289
0.254158156132326
0.315648462763056
0.380474020121619
0.306412651389837
0.303837364912033
0.207394822034985
0.217921851482242
0.22996558113955
0.377449578745291
0.284145576506853
0.284705621749163
0.225455412594602
0.245213162107393
0.208455585269257
0.246760324481875
0.335979825304821
0.368923258502036
0.257206647936255
0.279570424044505
0.325280164647847
0.203971963375807
0.345966702979058
0.224465096602216
0.321162412920967
0.354282808909193
0.363320066547021
0.301879381062463
0.369155542785302
0.270770404301584
0.34607429294847
0.399160451907665
0.322936126217246
0.314784552250057
0.326615386269987
0.267573953280225
0.361304058786482
0.296694281417877
0.348027452314273
0.246720326319337
0.381896939966828
0.395363927213475
0.314944285107777
0.215387555072084
0.255303499149159
0.358053359854966
0.340184698719531
0.274867083039135
0.235332012688741
0.287599353771657
0.259943532617763
0.357370038190857
0.358658369909972
0.313568981643766
0.372636741539463
0.319723806949332
0.242813150584698
0.397185253305361
0.334725260781124
0.245546766556799
0.255672350805253
0.376671075681224
0.269413001835346
0.333303040452302
0.393627270311117
0.229948529740795
0.303256528591737
0.352686492633075
0.216820756345987
0.321004860196263
0.315974486945197
0.301038980577141
0.273891176981852
0.296518480777741
0.313637474458665
0.231162950955331
0.277510614134371
0.228542786510661
0.301830247649923
0.313719347305596
0.310433390783146
0.328514909045771
0.338763712253422
0.373948981286958
0.217581922514364
0.266002628160641
0.32249549953267
0.205747336288914
0.267782304668799
0.312356731621549
0.309987620217726
0.37377484049648
0.245444534439594
0.342241282761097
0.322258054697886
0.334699433809146
0.388243869924918
0.260939535778016
0.367636900348589
0.27321210289374
0.35192048670724
0.364630345860496
0.342535250307992
0.250276684341952
0.310950167896226
0.354572267364711
0.204123115772381
0.272477491572499
0.396326904091984
0.352423459524289
0.252113229641691
0.373563852952793
0.32708050054498
0.331477727927268
0.300497816968709
0.331723257526755
0.283818275015801
0.303789541358128
0.363285420974717
0.21869923514314
0.354268981004134
0.334016282716766
0.378195236669853
0.396086976584047
0.258088932838291
0.38840194796212
0.22081917738542
0.326257591787726
0.241630245791748
0.393467252794653
0.21569213704206
0.354867536667734
0.357768478011712
0.336925435438752
0.352104173554108
0.37680697911419
0.31083499644883
0.313148491829634
0.229425813211128
0.344807788310573
0.390559931937605
0.357098557054996
0.266350329155102
0.277018640562892
0.242008292488754
0.32594230948016
0.311027949443087
0.219845170481131
0.231802316429093
0.367827095231041
0.223077510111034
0.238787547592074
0.288465469749644
0.233311594789848
0.260374255245551
0.233006464969367
0.329740050341934
0.380360477278009
0.218335608579218
0.253251112997532
0.366915744077414
0.203859518514946
0.33362197028473
0.338066963898018
0.339275696314871
0.363737791916356
0.328780793352053
0.276429668581113
0.272595191607252
0.374826674256474
0.354344990989193
0.212180967302993
0.216085308883339
0.284477833705023
0.381694931676611
0.279324215697125
0.329830536432564
0.298845340684056
0.316272626863793
0.295487404055893
0.239516785508022
0.385905619803816
0.201333411596715
0.22021698532626
0.23106781244278
0.333668033918366
0.211040279502049
0.398269949154928
0.298458786029369
0.373644798295572
0.30905115865171
0.28567925915122
0.384338165214285
0.284534534066916
0.383941156230867
0.243394704116508
0.377312679216266
0.326718273712322
0.387059151055291
0.382854505069554
0.30566066079773
0.333617745060474
0.319200119236484
0.355121898511425
0.242952064005658
0.322846531774849
0.257815111335367
0.358562459191307
0.253390559181571
0.330866464646533
0.230363352177665
0.24688055687584
0.318721595173702
0.241539612784982
0.255731411231682
0.360080004762858
0.295241360086948
0.333915926702321
0.237871201941743
0.35410677776672
0.388649168238044
0.233715875353664
0.318140674754977
0.218605632614344
0.318601697264239
0.391953789209947
0.39919047197327
0.390984050743282
0.273849969636649
0.2222095081117
0.364664683770388
0.324915521359071
0.393937405338511
0.249251274578273
0.311937548685819
0.328446061629802
0.212596060754731
0.368110017571598
0.386997535591945
0.256602035835385
0.266618665494025
0.366975995758548
0.322424696478993
0.242832236830145
0.254289419576526
0.336467877309769
0.298032593959942
0.323264474794269
0.391486706957221
0.318258181447163
0.239022947847843
0.247686477843672
0.366354252304882
0.270008493633941
0.330509062716737
0.288844582159072
0.283911876333877
0.269394151307642
0.26167802112177
0.220806427812204
0.315307126939297
0.283597833523527
0.284721620334312
0.369911011727527
0.203654132923111
0.313430526433513
0.36419738996774
0.355653008678928
0.31763072758913
0.323299833433703
0.296786302654073
0.364414448663592
0.293276953464374
0.307400222914293
0.2501579657197
0.312153856549412
0.384386725584045
0.212547155888751
0.34176578624174
0.312908352445811
0.339762851269916
0.397272735880688
0.328089329926297
0.325834721466526
0.277014716016129
0.364914309605956
0.329054841771722
0.300885486975312
0.245530656725168
0.386680579790846
0.222359552420676
0.291715208441019
0.249849694455042
0.294984465185553
0.223895684396848
0.275871856976301
0.398743298277259
0.245094794873148
0.267740402836353
0.278527310863137
0.357569076633081
0.385942951170728
0.261234175367281
0.248739175871015
0.208923228876665
0.306026488076895
0.322948952065781
0.267633488541469
0.394036566279829
0.200925720809028
0.343760950677097
0.352308053849265
0.345887358114123
0.306244823988527
0.383457199996337
0.281095466716215
0.218634838052094
0.379262448800728
0.27712391722016
0.354086646158248
0.295310115395114
0.399550119508058
0.289037880953401
0.204393298458308
0.280691304570064
0.21534896758385
0.348552847700194
0.396118012210354
0.230398242082447
0.245757690118626
0.270091508049518
0.35164308026433
0.380243613384664
0.300763881998137
0.318124858196825
0.39483174146153
0.270122210681438
0.277364850090817
0.344294902030379
0.223568250564858
0.332390831084922
0.346288820635527
0.351093044690788
0.293354389769956
0.309656218159944
0.256625810544938
0.26961099174805
0.270727688865736
0.357387020206079
0.268178148707375
0.288846462685615
0.211258559534326
0.336728709004819
0.325206809071824
0.230587247340009
0.231868248060346
0.347511158138514
0.283296811766923
0.296352241653949
0.356180768134072
0.308428320335224
0.264262846810743
0.220949085149914
0.298685168847442
0.200235840119421
0.264292132668197
0.304845269396901
0.389167525852099
0.23510062051937
0.231635274086148
0.22537785070017
0.211187422974035
0.368135063862428
0.356969960220158
0.354138474492356
0.264509936328977
0.322356249205768
0.218023488810286
0.30438314974308
0.378726004064083
0.304909631470218
0.259888131311163
0.368386281002313
0.267599912546575
0.265994946751744
0.32069083401002
0.206101093161851
0.390164215117693
0.35449913633056
0.380855369614437
0.24387941355817
0.320914950128645
0.258698814129457
0.294463121984154
0.379277202766389
0.228240165207535
0.261831752723083
0.382322162343189
0.242978263506666
0.233276231167838
0.293082963721827
0.246102243894711
0.252747170813382
0.393118537822738
0.377140796650201
0.371462855767459
0.294702747510746
0.271039310796186
0.279739580024034
0.355242801690474
0.29950334187597
0.204804450180382
0.281928030075505
0.379452593624592
0.380646912194788
0.239001957047731
0.215747869526967
0.275918849883601
0.270726936450228
0.320490331761539
0.304783491650596
0.28897467777133
0.387744226260111
0.280097817955539
0.299022904084995
0.376151315495372
0.303521984769031
0.283201352087781
0.247179095773026
0.24348581074737
0.204049536213279
0.24943155371584
0.309793472988531
0.374583174427971
0.339656583126634
0.210154822655022
0.397771477559581
0.388704114546999
0.383002207474783
0.341601508669555
0.270098837371916
0.393360561551526
0.206807912886143
0.254704957129434
0.37709565362893
0.375551762897521
0.285701194917783
0.361970801092684
0.303325364505872
0.208104957547039
0.358594118012115
0.381303966185078
0.382199231348932
0.313096199650317
0.346483485912904
0.31159010482952
0.283724564081058
0.336049841763452
0.24600238497369
0.233785719936714
0.349038111837581
0.317591669084504
0.39271510373801
0.289384165266529
0.3573474353645
0.234929761383682
0.295205924659967
0.378344431007281
0.227416899008676
0.232097578886896
0.387582200486213
0.205382805457339
0.203996459580958
0.362879826873541
0.207254187762737
0.203394264541566
0.363299582386389
0.389197019999847
0.20409168349579
0.3719839385245
0.397834531916305
0.260046735638753
0.295076637109742
0.387616797396913
0.293641017051414
0.339415156515315
0.236587103549391
0.326169391069561
0.358907677046955
0.231927163852379
0.247045144578442
0.385991169232875
0.395106772985309
0.232794797513634
0.349406506540254
0.398086831113324
0.332161135273054
0.212239225069061
0.303183532692492
0.324175237119198
0.221314453333616
0.347835407918319
0.379090496711433
0.279045609943569
0.288803079165518
0.212562332814559
0.373843152448535
0.376001901645213
0.203939199214801
0.379709788085893
0.305043677147478
0.30922540165484
0.264488218072802
0.307819826807827
0.235405338602141
0.271649756236002
0.25946791744791
0.271204379899427
0.366911680065095
0.323136695986614
0.250388303678483
0.31032627010718
0.325195583095774
0.36142813693732
0.359001749707386
0.253812304884195
0.282974833017215
0.206309930840507
0.34006109489128
0.258103323448449
0.210520005784929
0.360173068009317
0.26011019856669
0.285474484134465
0.371470354776829
0.335671478835866
0.236859086388722
0.344804441509768
0.359887258941308
0.262476514140144
0.335538116656244
0.369776894524694
0.377399426046759
0.377797602023929
0.279728014953434
0.201045315992087
0.278723097452894
0.209965185215697
0.378306500287727
0.388352046255022
0.395430601201952
0.360223043570295
0.382941696653143
0.39442848735489
0.333998200856149
0.293021514359862
0.244835596578196
0.22740504113026
0.353849617624655
0.311851890850812
0.239936524350196
0.299090781388804
0.394733611214906
0.219439006829634
0.241832377575338
0.36774393520318
0.261824619257823
0.251531422836706
0.322925822902471
0.218298977334052
0.247499841079116
0.326971462136134
0.349283587699756
0.201835845131427
0.333813800290227
0.207936434168369
0.31680777319707
0.336389567609876
0.288878757320344
0.227218078076839
0.238555540703237
0.271103808144108
0.331672215554863
0.211922674719244
0.231737424619496
0.262290977826342
0.377851848071441
0.347412372985855
0.39923442476429
0.227753687137738
0.232591836620122
0.300795451598242
0.327178125781938
0.316293206624687
0.225698594143614
0.316760467551649
0.298709646845236
0.320940046245232
0.340825485577807
0.248360180715099
0.368709225114435
0.385109377512708
0.27898885468021
0.293585057882592
0.289529998041689
0.344925329089165
0.238980391342193
0.319974879128858
0.332754854531959
0.277771623898298
0.31844600411132
0.373105544410646
0.218926735082641
0.348987920023501
0.3519859646447
0.206762197380885
0.372347400197759
0.323060894198716
0.252633478306234
0.228242404107004
0.245498287677765
0.216287513915449
0.379668111121282
0.204561562743038
0.227804045146331
0.274159269733354
0.227595171937719
0.28298628218472
0.213695117086172
0.397867657337338
0.216182542033494
0.259088207688183
0.248874348448589
0.263883602619171
0.374738861387596
0.373206455772743
0.296422081021592
0.388542544003576
0.30576909170486
0.205177460191771
0.318157335370779
0.305585724301636
0.286140866577625
0.343362094415352
0.302809235453606
0.209499502228573
0.316882483335212
0.250482084974647
0.298104542726651
0.333897717203945
0.29577034721151
0.235757401445881
0.279419190809131
0.336547065898776
0.282583566568792
0.297751686675474
0.242044706689194
0.262537771649659
0.349727299250662
0.270400950079784
0.204940635245293
0.253283795993775
0.234715120354667
0.321236265311018
0.303793330769986
0.204672875767574
0.328812415990978
0.261831530602649
0.380929299117997
0.303689865907654
0.328931425046176
0.330165964923799
0.26700955410488
0.348874776344746
0.310999854188412
0.33404884072952
0.213497851975262
0.383947156229988
0.295682350639254
0.345482017332688
0.376283913478255
0.398017530795187
0.307052655145526
0.204976474354044
0.298835220653564
0.203843867313117
0.371337426500395
0.330097234761342
0.253381407214329
0.243101388821378
0.368105368316174
0.236424832139164
0.387198319099844
0.382898806268349
0.382522531179711
0.267991959210485
0.369310620520264
0.315067400503904
0.275832174532116
0.283341778675094
0.292475471878424
0.29952163468115
0.203456965927035
0.394769567809999
0.208835455635563
0.220905308425426
0.212409023800865
0.370415005739778
0.387023660261184
0.26083308509551
0.353598173009232
0.371960870688781
0.264339737733826
0.382861461676657
0.330124631756917
0.316781407315284
0.299988189572468
0.264335467526689
0.344252130715176
0.29995313808322
0.314864418981597
0.240247513446957
0.202430837647989
0.264389225933701
0.340685055125505
0.203286697296426
0.222944947844371
0.295538367517293
0.235114998370409
0.228532113926485
0.239408183423802
0.368929914012551
0.339268156094477
0.378756250161678
0.252456255443394
0.276655008597299
0.34244575384073
0.338938388554379
0.379284956073388
0.245314655918628
0.278654155367985
0.312660516053438
0.27233734568581
0.211814166558906
0.214179240912199
0.389908448699862
0.398688172968104
0.20031026811339
0.318492387607694
0.222614963166416
0.365972821507603
0.260109097603709
0.211143189482391
0.22593358559534
0.379047964001074
0.279500305466354
0.240951340412721
0.291704463213682
0.255146734090522
0.208425449207425
0.288741421606392
0.342313066497445
0.335211185365915
0.367111386079341
0.272856456181034
0.246674242429435
0.312273301929235
0.202065828256309
0.340673440834507
0.204388998541981
0.285544887464494
0.227934591285884
0.374135402962565
0.344512580148876
0.28551604016684
0.237476047221571
0.312898715492338
0.292141095781699
0.334478193009272
0.388090162118897
0.239410002995282
0.260378351528198
0.20026243282482
0.296710888901725
0.280796125903726
0.270918003562838
0.295732252858579
0.357575947511941
0.27836829284206
0.308156861457974
0.249052140535787
0.311373150302097
0.228242418868467
0.267446949705482
0.21614802358672
0.367804409423843
0.255696125281975
0.330350266676396
0.334032386587933
0.230043882736936
0.244161505997181
0.209470535395667
0.238568368647248
0.292246083496138
0.278662291588262
0.259071236196905
0.212097047455609
0.353955737454817
0.274328332301229
0.237211962696165
0.280718304868788
0.290549236442894
0.247681909007952
0.33474608073011
0.329823069181293
0.285699852835387
0.309560504369438
0.224369417270646
0.317548572411761
0.252391940588132
0.347775678057224
0.315748669952154
0.37036618469283
0.204095586808398
0.335344375530258
0.354815103672445
0.258168252836913
0.319984386954457
0.265864329924807
0.278369384584948
0.212071556551382
0.208216003142297
0.374043106893078
0.259820377407596
0.389608041429892
0.332639785856009
0.361242927238345
0.264357261778787
0.202496295562014
0.398387336358428
0.213892412045971
0.21716361711733
0.297821426810697
0.335034211305901
0.396509634144604
0.362647412205115
0.350957753369585
0.330036238627508
0.360112902289256
0.254257098957896
0.324419272784144
0.355193930352107
0.362011320050806
0.360528036393225
0.294283801503479
0.364953590091318
0.229329146025702
0.302559930644929
0.254843890061602
0.218592215282843
0.233983963122591
0.38057056395337
0.220889942813665
0.296685898257419
0.355678627034649
0.3256247933954
0.223991524800658
0.320142628904432
0.362798027833924
0.305220398260281
0.236601060489193
0.383400537492707
0.222105667740107
0.33476333944127
0.272751511633396
0.289272864256054
0.315578305954114
0.269349067285657
0.331274195341393
0.275521320989355
0.202128922846168
0.260988207813352
0.202483618352562
0.219641728280112
0.344945687055588
0.235022066952661
0.284191670967266
0.319322986202315
0.366218459885567
0.394604828534648
0.251504343934357
0.217232559248805
0.232118516089395
0.246061353012919
0.337560805631801
0.385776602011174
0.202941414853558
0.341139544919133
0.347545124450699
0.215443504881114
0.225767289800569
0.357284979289398
0.221632904792205
0.2169548638165
0.300071714678779
0.394753215182573
0.276110560819507
0.271800266671926
0.219833030784503
0.234777918178588
0.238948016101494
0.311371079832315
0.295073442952707
0.395664225425571
0.300112854270265
0.367487641470507
0.262200968479738
0.23752750265412
0.238689230149612
0.239469527918845
0.246296787494794
0.375528247607872
0.379211014974862
0.391590997716412
0.37973857964389
0.339445358328521
0.361768538225442
0.390636428771541
0.214392298506573
0.233263437403366
0.284309174586088
0.282982961740345
0.378736892901361
0.212075152527541
0.364092669682577
0.267135710036382
0.245468471990898
0.253936111275107
0.343335000658408
0.282776599749923
0.271355844149366
0.298494151188061
0.200268945470452
0.21732819955796
0.329593262588605
0.378993969829753
0.2962123895064
0.207169581949711
0.258542884560302
0.209856534935534
0.358699605660513
0.356992063345388
0.250734221050516
0.203320549754426
0.235627661412582
0.232816263101995
0.239590187603608
0.315256058517843
0.291855949210003
0.221923839766532
0.281501461006701
0.373630093224347
0.338304414879531
0.376937131909654
0.334750653477386
0.20294037158601
0.34586302889511
0.270770605141297
0.247737607266754
0.286988062923774
0.327359947562218
0.31986992135644
0.250663078948855
0.313349114870653
0.273180188797414
0.21133173648268
0.290342688281089
0.375128116598353
0.201915807975456
0.215331657975912
0.317294481862336
0.371388271823525
0.253776573808864
0.260156023409218
0.380919011402875
0.323880098154768
0.276499248575419
0.39872690839693
0.212352079432458
0.261434080358595
0.336948295636103
0.39573879679665
0.368031260743737
0.367356305290014
0.378369012568146
0.223046792112291
0.357577519817278
0.392084204591811
0.316398332966492
0.311138431960717
0.381341995950788
0.306582865072414
0.248491008998826
0.276056126039475
0.383205355191603
0.244099168293178
0.287146505666897
0.261139805242419
0.287502417899668
0.396210366021842
0.267372864717618
0.302056384040043
0.248613217985258
0.349768147617579
0.243480312824249
0.217758250562474
0.288841736596078
0.352641760511324
0.236585650406778
0.381540504889563
0.312014184938744
0.387901351321489
0.328052109712735
0.355311076436192
0.272993721067905
0.340151741774753
0.240910606365651
0.33193694553338
0.37188965510577
0.205936231650412
0.304115977184847
0.304212085250765
0.392471356270835
0.227842204226181
0.232783416518942
0.275849778437987
0.334214238170534
0.264168593240902
0.315665952675045
0.22152013508603
0.306103993486613
0.380962816812098
0.219101820094511
0.371291634766385
0.236306392634287
0.233300350466743
0.218787117628381
0.312292302120477
0.210789064038545
0.380549270007759
0.205193408718333
0.219838592270389
0.244363525137305
0.310350881377235
0.211851895181462
0.210559935774654
0.361386787192896
0.299852679623291
0.207477816799656
0.386217302083969
0.248372255312279
0.232326239999384
0.221982864709571
0.37632708013989
0.241902457782999
0.308874558238313
0.282785106170923
0.392203096207231
0.37683367007412
0.259461218863726
0.375996478321031
0.309751438908279
0.321167395357043
0.236642051720992
0.261413602530956
0.332366935396567
0.277657119976357
0.37262821700424
0.243449057359248
0.222164223622531
0.310411567147821
0.31330167860724
0.209851825330406
0.228342897119001
0.216172563843429
0.307037536986172
0.213683242304251
0.365443706419319
0.274349343171343
0.201712016481906
0.360408822121099
0.234817249048501
0.262221467494965
0.221135701611638
0.321845159539953
0.264530695416033
0.283452385244891
0.322837932221592
0.271891607157886
0.243683501845226
0.201072065811604
0.28923237179406
0.206627256702632
0.254267473751679
0.325721464818344
0.371989505365491
0.240681689186022
0.20437447912991
0.304370966460556
0.389986839937046
0.220047667762265
0.309911059215665
0.221212768927217
0.321958240028471
0.263977820100263
0.326690899021924
0.372956330655143
0.286039245314896
0.288264157855883
0.259587181452662
0.267868842603639
0.236754962429404
0.345765818608925
0.367676791688427
0.277482450474054
0.257206784002483
0.288040051283315
0.207675195205957
0.254876785678789
0.356142012123019
0.31581935393624
0.398913147067651
0.267831828817725
0.388702473044395
0.32615101155825
0.394674394605681
0.295557272434235
0.247862292872742
0.33455407419242
0.235289989830926
0.336033753259107
0.376888222200796
0.291807945398614
0.375513065000996
0.235133340070024
0.381858993787318
0.312402423890308
0.364266243716702
0.336945594614372
0.325043161679059
0.331319989822805
0.256878108624369
0.300725779961795
0.24706879449077
0.284765637712553
0.200788080040365
0.369683428807184
0.319813195709139
0.328464069543406
0.379299331456423
0.274078372819349
0.271456728922203
0.309200699301437
0.301795214321464
0.376363669382408
0.234826257685199
0.247876000870019
0.373486388428137
0.207256015762687
0.324672232801095
0.339108190173283
0.238813727814704
0.388989025587216
0.309500303678215
0.241869010496885
0.206423995597288
0.392613071994856
0.292052456503734
0.330863000778481
0.204643129976466
0.380436045862734
0.244635212933645
0.200941953854635
0.223446844192222
0.364483549864963
0.220660129049793
0.315069323498756
0.283505890797824
0.351644425420091
0.301331931957975
0.263584993081167
0.363567805616185
0.298249374609441
0.387994764279574
0.265732369059697
0.200675616413355
0.382624278310686
0.215518266474828
0.302650502044708
0.212677484890446
0.360649806726724
0.395945174014196
0.210799819370732
0.310503869643435
0.339987898431718
0.306783571466804
0.225777962477878
0.338315332308412
0.301268552988768
