0
0.0106470312224701
0.0165506373532116
0.0120320966979489
0.0150312275346369
0.0106688128062524
0.0120070170401596
0.018176665273495
0.0155306957662106
0.0178975041513331
0.0137520838389173
0.0180581500916742
0.019193903291598
0.0144690483785234
0.0134907592716627
0.0184163412218913
0.0150940222898498
0.0111095991265029
0.011189023766201
0.0112795587582514
0.0116531800571829
0.0142881383630447
0.0103556585521437
0.0149126171134412
0.0155519970878959
0.0164214385999367
0.0166464425181039
0.0185813326924108
0.0125161382765509
0.0108274182118475
0.0174799880711362
0.0163037755782716
0.0172270282148384
0.0156406777002849
0.0155734746274538
0.0138666358287446
0.0172056205570698
0.0135787912923843
0.0130427016085014
0.0150563641660847
0.0137467167060822
0.0185510202124715
0.0145378695079125
0.013551313560456
0.0156069519929588
0.0130133013962768
0.0146358759445138
0.014470083671622
0.0119308046926744
0.0115179093787447
0.0106734171882272
0.0177799006411806
0.0176464436436072
0.0133051779121161
0.0128877791948617
0.0170255370391533
0.0185703543620184
0.0119262837688439
0.0127799453795888
0.0175255280337296
0.0134843047312461
0.0156665467447601
0.0165742729022168
0.0199855017964728
0.0165779614425264
0.0189506132644601
0.0110390796163119
0.0128499977220781
0.0183608158701099
0.017626665267162
0.0103349019261077
0.0104259612015449
0.0115034371358342
0.0123532220651396
0.0116419983585365
0.0107287607900798
0.010587376919575
0.0198021279228851
0.0141958197322674
0.0101189411408268
0.0102012605080381
0.0119272118201479
0.0136314491718076
0.0197873501852155
0.0175487386411987
0.012940354431048
0.0177631697524339
0.0123636785172857
0.0153450984624214
0.0119775229250081
0.0102845841017552
0.0133103809389286
0.0143360866839066
0.0166713275550865
0.0117679037922062
0.0143120684591122
0.0193106899945997
0.0148345304327086
0.0136712487530895
0.0118840141454712
0.0182781028933823
0.0191226227441803
0.0197286860854365
0.0197635386907496
0.0119259235751815
0.0111777967470698
0.0105815967870876
0.0110381533321925
0.0159327745903283
0.0148742208629847
0.0134869789611548
0.0133722900459543
0.0120603021490388
0.0179326458997093
0.0182135317241773
0.0135576040111482
0.018900729091838
0.0149961920245551
0.0163564505660906
0.0165134868095629
0.0154234427888878
0.0158762132748961
0.0122411730000749
0.0155332712922245
0.0147298047179356
0.0156817951495759
0.0162233441718854
0.0138558053900488
0.012400197586976
0.0188837427017279
0.0189624061342329
0.0184023925475776
0.0191725872433744
0.0146353550371714
0.0180671153613366
0.0198056350345723
0.0160049613215961
0.0124677221290767
0.0185923361731693
0.0197068543033674
0.0175684161181562
0.0151296227006242
0.0139343413314782
0.0189441108470783
0.011763769693207
0.0127844770741649
0.0152320335851982
0.0152056872006506
0.0144514743657783
0.0187540842080489
0.0119266241928563
0.0165912806242704
0.0104396773292683
0.016023714710027
0.0177342309826054
0.01065134992823
0.0184248238406144
0.0111836143955588
0.0148440910992213
0.0173632794059813
0.0143476303643547
0.0162777146487497
0.0185701253917068
0.012828233151231
0.0173748354194686
0.0148192664817907
0.0100047161406837
0.0177954808459617
0.0103174253902398
0.0183593076327816
0.0147737983288243
0.0103178448020481
0.0102172546205111
0.0191248046373948
0.0117386293364689
0.0119269848591648
0.0140997327212244
0.0137987823109142
0.0154700152389705
0.0142860031314194
0.0136594297317788
0.0119755813619122
0.0104141964903101
0.0152397203654982
0.0136820539762266
0.0173213489097543
0.0176692831492983
0.0168182937777601
0.0136065158178099
0.0190382355963811
0.0133891863957979
0.0193967096833512
0.0162511672172695
0.0165068801678717
0.0197758447774686
0.0166463011153974
0.015163163675461
0.0110014313668944
0.0141094847302884
0.0148272065981291
0.0111562091810629
0.0191384481964633
0.0186221982561983
0.0161986650549807
0.0114297829312272
0.0119134998484515
0.0186927413218655
0.010026044966653
0.0154973266436718
0.019539116169326
0.0180059451772831
0.0111201749881729
0.0194498825608753
0.0133907691366039
0.0105967120267451
0.0126535882428288
0.0144318637205288
0.0124531716830097
0.0190027750120498
0.0118644810351543
0.018331461942289
0.0183628600346856
0.0159353228611872
0.0149162527616136
0.0176961472444236
0.0143470079498366
0.018637758877594
0.0139845874393359
0.0155511372326873
0.0105790257663466
0.012967794330325
0.0145653278869577
0.0134277831506915
0.0104455284192227
0.0133083747862838
0.0106331117916852
0.0175217122212052
0.0119932094821706
0.0133585597760975
0.0101188980881125
0.0186994644976221
0.0112972063664347
0.0101005425606854
0.0107496215519495
0.0142933646962047
0.0130545571632683
0.0111824567499571
0.0149607435846701
0.0184708808292635
0.0169271336705424
0.0134062777902
0.0155062429863028
0.0151321617956273
0.013055742343422
0.0110505217150785
0.0109341185167432
0.0131848726421595
0.0111402997700498
0.0170301862480119
0.0198130320617929
0.0176065753074363
0.0159770762431435
0.0103029040829279
0.0119528648490086
0.0175444817077368
0.0133450555661693
0.0106875654775649
0.016037683589384
0.0163436632254161
0.0188667847216129
0.0186992058879696
0.0187013267725706
0.0157508554169908
0.0128803350171074
0.0113024591305293
0.0130129503528588
0.0106321261706762
0.0149348926031962
0.0117827304475941
0.0182098743040115
0.0138716204930097
0.010147405625321
0.0129094617278315
0.0188433951488696
0.0140305883646943
0.0138548067002557
0.0170042614894919
0.0155773570202291
0.0117008621874265
0.0138413991173729
0.0129893582011573
0.0158279239153489
0.0123375190864317
0.0143646412412636
0.0128836327674799
0.0130315226921812
0.0145137501717545
0.0111670973873697
0.0193902428681031
0.0134901748946868
0.0126069633499719
0.0157491383561865
0.0112274378957227
0.0128985552536324
0.0199246711935848
0.0102710002684034
0.0129492629505694
0.019216625795234
0.0151230588462204
0.0174865226377733
0.0165297036385164
0.0198258963646367
0.0160003948467784
0.0180259296344593
0.0197456368384883
0.0180237131309696
0.0142386349174194
0.0120682025095448
0.0115795095567591
0.0101813813648187
0.0157484835619107
0.0105767978797667
0.014650875038933
0.0158613065630198
0.0110432245768607
0.0108701370283961
0.01254152641166
0.0104289812943898
0.0139364473917522
0.014689244015608
0.0166980638355017
0.0114709296310321
0.0178602301282808
0.0173028510203585
0.0131609943229705
0.0105618969211355
0.0140698765148409
0.0154119214764796
0.0197007150785066
0.0160823658364825
0.0101203843392432
0.0169660319760442
0.0108034086786211
0.0167851599119604
0.0140584171866067
0.0127029930753633
0.0145625575678423
0.0133204203727655
0.0105358704854734
0.0133758666319773
0.0193194147455506
0.019578279373236
0.013639752920717
0.0169295715587214
0.0112266132771038
0.0125518344994634
0.0132439192896709
0.0118989717261866
0.0176476044207811
0.0181120589515194
0.0196588894352317
0.016794820278883
0.012343244778458
0.0178932030708529
0.0182529328530654
0.0170196735206991
0.0196049908362329
0.0178130494593643
0.011165499840863
0.0126778571610339
0.012776552864816
0.0180235488130711
0.0137846299214289
0.0128996533923782
0.0150364207779057
0.0169297507288866
0.0101564077124931
0.0133762987260707
0.0109951181616634
0.0177149226283655
0.0189871566882357
0.018779788298998
0.0164048276981339
0.0170046201301739
0.0186602660268545
0.0143030836270191
0.0110250131273642
0.0106524650496431
0.0123757630283944
0.0146487806993537
0.0134893621737137
0.0139158707344905
0.0166780845471658
0.0179583134525456
0.0102040094300173
0.0113758021732792
0.0174459902732633
0.0107647032802925
0.0194198705838062
0.0125543687189929
0.018202167658601
0.0143759163934737
0.0122721011471003
0.0157171806436963
0.0162068724725395
0.0138939697248861
0.0110961312428117
0.012594273830764
0.0110838222852908
0.0133090285537764
0.010413869691547
0.0159428289276548
0.0114170337701216
0.0185653773136437
0.0123160500731319
0.0197049030917697
0.0123740014526993
0.0103083898150362
0.011814406781923
0.0126770448731259
0.0177518134494312
0.010076256620232
0.0182821529614739
0.0150265878858045
0.0150880354573019
0.012520769960247
0.0148853181465529
0.0125042593921535
0.0149708758410998
0.0153432692331262
0.0141673164837994
0.0137453428003937
0.0179441079450771
0.0190087835001759
0.0121136885718442
0.0189411293156445
0.015489498169627
0.0130013469490223
0.0141737526468933
0.0144625489553437
0.0183644819050096
0.0163407505769283
0.0158050225884654
0.010753738922067
0.0134760696534067
0.0148008085298352
0.019868029858917
0.0185139759955928
0.0118514430522919
0.0148733479599468
0.0189124299283139
0.0117827839031816
0.0163325058645569
0.0192426543636248
0.0162487586820498
0.0109575844719075
0.0174390754266642
0.0139431428234093
0.0136507089599036
0.0148010675795376
0.0136461585597135
0.0176021555764601
0.0147972672921605
0.013153878680896
0.010387866133824
0.0102818332286552
0.0116241850145161
0.0134499150281772
0.0127781877457164
0.0176022316189483
0.0122158242319711
0.0183160390262492
0.0170667944615707
0.0146066602086648
0.0141484698001295
0.0172471241094172
0.0167676677764393
0.0160885300743394
0.0181803535064682
0.019325782826636
0.0100040703779086
0.0102955753286369
0.0161623291228898
0.010016567199491
0.0109421773161739
0.0154964488954283
0.01235379536869
0.01900155732641
0.0108975551533513
0.0136324222525582
0.01403316084994
0.0199260356044397
0.0105390767753124
0.0105625159456395
0.0142551736952737
0.0153374285413884
0.0199716877727769
0.0100496817962267
0.0137280433741398
0.0151250333036296
0.0178618652489968
0.0192294743424281
0.0197375879529864
0.015078886251431
0.0126281480467878
0.0122064528428018
0.0136916441144422
0.0154549175640568
0.0165276687941514
0.013929308548104
0.0133069550804794
0.0117748532164842
0.0155531803681515
0.0143735229526646
0.0163311618799344
0.0151631992706098
0.015738080535084
0.0109213894698769
0.0119509074790403
0.0191661209147424
0.0100306015578099
0.0182458481309004
0.01258620795561
0.0136643994413316
0.0124004652141593
0.0129264403204434
0.0167495379014872
0.0182285210932605
0.0145307359471917
0.0112894277507439
0.0191185042983852
0.0139640138112009
0.0117879857984371
0.0161442822846584
0.0123710856796242
0.0160664273798466
0.0173795434366912
0.0177853126148693
0.0109357806830667
0.0152521013724618
0.0107227890635841
0.0181123286578804
0.0102194603858516
0.0168091147532687
0.0166111942497082
0.0120565628213808
0.0181496252678335
0.0194539739517495
0.0146197754982859
0.0138080185395665
0.0191393300355412
0.0184074647258967
0.0185250247037038
0.0173051217524335
0.0163534316513687
0.0174125050310977
0.0174781488766894
0.0178561632568017
0.0199125176225789
0.0167298470321111
0.0103963784337975
0.0137164984550327
0.0168789349822328
0.0190209258720279
0.0173201540717855
0.0143411809229292
0.0118848287709989
0.0167676758300513
0.0161492173071019
0.0164445870299824
0.0107938154926524
0.0198894114582799
0.0132305178139359
0.0106355739664286
0.0185425723600201
0.0125000177300535
0.0191229625372216
0.0115553970774636
0.0108240540279076
0.0175653879297897
0.0139985478809103
0.0111982177686878
0.0186045067664236
0.0181339058210142
0.0169564659660682
0.0188333983230405
0.0137110114702955
0.0144782306416892
0.0156141930446029
0.0186685348418541
0.0170424158219248
0.0187935116654262
0.012478768453002
0.0162115877238102
0.0148124302178621
0.0127798284729943
0.0108014644728974
0.0147872113785706
0.0140048667276278
0.0189921194897033
0.0174631361267529
0.013594330532942
0.0194933816837147
0.0184198274509981
0.0193929766840301
0.0138323668669909
0.0179031202453189
0.0120346027216874
0.0135737248230726
0.0130709825269878
0.0153618146502413
0.0199147520796396
0.0125381544581614
0.0177294380450621
0.0173989485972561
0.0111905794870108
0.0103685199888423
0.0128400153317489
0.0139900934323668
0.0102206126064993
0.0127082573855296
0.0151449028356001
0.0191204403084703
0.0138018519268371
0.0105277454876341
0.015154402682092
0.0166467215120792
0.0188242528052069
0.0121061958302744
0.0135454710223712
0.0156305156461895
0.0159849160211161
0.0129430723423138
0.016119777103886
0.0113189185759984
0.0110125264013186
0.0164665475930087
0.0148922519385815
0.0182604333665222
0.0172996813547798
0.0125508765713312
0.0182902619312517
0.0186122910631821
0.0176747161592357
0.0170877001993358
0.0119575110427104
0.0183722255565226
0.0165981121687219
0.0182709840871394
0.0107687326218002
0.0111288797436282
0.0118248948454857
0.0170105870487168
0.0139663902134635
0.015776951443404
0.0196695154649206
0.0194517614482902
0.0160596762341447
0.0177019531116821
0.0154048577533104
0.0113301774999127
0.0113512293901294
0.0102077302220277
0.0189327669655904
0.0163137759151869
0.0165108193107881
0.0116811173642054
0.0140521161910146
0.0108013861021027
0.0130883536720648
0.0162678047595546
0.0101213360903785
0.0154540457064286
0.0153090512077324
0.019523646030575
0.0189076377288438
0.015915683445055
0.019947585859336
0.013276153455954
0.0143283285922371
0.0134124411363155
0.0126042134594172
0.0174296608008444
0.0124651602562517
0.0102743018115871
0.0157011824590154
0.011841036695987
0.0127956202300265
0.017779364453163
0.0113987046806142
0.0127445059013553
0.0116628033155575
0.0143209148594178
0.0148889517318457
0.0133983860304579
0.0155784491426311
0.011674042835366
0.0176290578162298
0.0172649592207745
0.0119882201496512
0.0124610550305806
0.015403609375935
0.0100054273894057
0.0149703855044208
0.0170320178871043
0.0160902703623287
0.0105951457098126
0.0152409778209403
0.0145381032116711
0.0125959758926183
0.0141671055695042
0.0183520159334876
0.0122106337104924
0.0119601302500814
0.0101820282754488
0.0144796631904319
0.0177628713217564
0.0146336465561762
0.01131437899312
0.0139199161273427
0.0176096479152329
0.0155461676465347
0.0154562808363698
0.0104040290648118
0.0191249447572045
0.0134828215814196
0.0127925310237333
0.0169037158624269
0.0190477074705996
0.010525721909944
0.0186641144216992
0.0107842992735095
0.0128359953523614
0.019942792521324
0.0119906793278642
0.0131751197949052
0.0112858395301737
0.0178447250393219
0.0172780565661378
0.0149440285586752
0.0108961346442811
0.0190765392663889
0.010615816777572
0.0173130697198212
0.0113264019042253
0.0107962691527791
0.0149793741945177
0.0154753774264827
0.0195878802286461
0.0185938786831684
0.018832408816088
0.0157868574885651
0.0176260067336261
0.0113067206204869
0.0148995248926803
0.0161049708374776
0.0193059855559841
0.0154298877995461
0.0154162932094187
0.0103832669369876
0.0146318540442735
0.011217936440371
0.0121208331501111
0.0151500025647692
0.0176067315484397
0.0181713008321822
0.0121557836933061
0.0102534477412701
0.0173223577067256
0.0100859346101061
0.0151924361428246
0.0191093936748803
0.0137714126962237
0.0163229400990531
0.015862199915573
0.0137725139642134
0.0123949705692939
0.0119054312491789
0.0107709911395796
0.0149730369471945
0.0139243339793757
0.0127591450093314
0.0137792598456144
0.0124747102777474
0.010341389044188
0.0156389162526466
0.018528827179689
0.0195259309397079
0.0125126392906532
0.0185631408542395
0.0176069692219608
0.0148309150780551
0.0141160202678293
0.0178963790251873
0.0195342300785705
0.0124766763369553
0.0173073393083178
0.0180072764353827
0.014487811550498
0.0180176350404508
0.017497290505562
0.0169865181576461
0.0146571260946803
0.017511860516388
0.0182947663706727
0.013203063250985
0.0102149525191635
0.0143901794170961
0.0132419705367647
0.0109986961376853
0.0148976192739792
0.0119570869393647
0.0155022838385776
0.0112835353054106
0.0196788551658392
0.0132424817886204
0.0124849573313259
0.0113964958256111
0.0150620204978623
0.0110015463945456
0.0188463373691775
0.016918213465251
0.0147305298480205
0.0126301351422444
0.0142239129845984
0.0131063545215875
0.0189506094926037
0.014675182136707
0.015210548483301
0.0132509704958647
0.0159467124962248
0.0172498223930597
0.0183957225270569
0.0139752320270054
0.0132030826294795
0.0137398245069198
0.0111267791665159
0.0156155153084546
0.0110895059281029
0.015203866767697
0.01345705101965
0.0112925046612509
0.0129137445334345
0.0135230152704753
0.0156760104559362
0.0183630987419747
0.0161042028525844
0.0108923398447223
0.019845854062587
0.0106749220308848
0.0146180836623535
0.016998462236952
0.0108398455288261
0.0138066009804606
0.0136454893019982
0.0159390318929218
0.0141837625601329
0.0119190944824368
0.0146182869677432
0.0159324445971288
0.0126891802577302
0.0196413498744369
0.0119798902608454
0.0105699591268785
0.0118433850957081
0.0140715108858421
0.0132743073138408
0.01519308072282
0.0198496558121406
0.0123692179215141
0.0176066895783879
0.0136845625843853
0.0128373765526339
0.0135387218696997
0.0177268692757934
0.0153841541870497
0.0159818518161774
0.0198504058737308
0.0122138693043962
0.0152055406291038
0.0106233732355759
0.0134649368817918
0.0181829567509703
0.0137987237679772
0.0150690599158406
0.0102451505861245
0.0182618684251793
0.015022315219976
0.0141463566198945
0.0192712583765388
0.01282749960199
0.0195179823716171
0.0173121950775385
0.0105284014716744
0.0189942227373831
0.0107837907411158
0.0156821239949204
0.0177084677759558
0.0176315318862908
0.0125200570281595
0.0196299626096152
0.0128918950725347
0.0153478315193206
0.0156866135168821
0.0124241487658583
0.0169589453889057
0.0179328430700116
0.0132646612776443
0.0152318256208673
0.0146122303139418
0.011893282965757
0.0125307256099768
0.0153753567091189
0.0146711059566587
0.0145633692434058
0.0182507974538021
0.0169570803572424
0.0167297749593854
0.0135061459988356
0.0111024513770826
0.0130336079350673
0.0177820146037266
0.0146035496122204
0.0116170734120533
0.0118330863630399
0.0104276041244157
0.0149061380815692
0.0154943773755804
0.0194775183824822
0.0167104573361576
0.0155228928476572
0.0178806891664863
0.0117028108751401
0.0153198944497854
0.0163016035128385
0.0119891228131019
0.0143372572306544
0.0133048451552168
0.0118184543191455
0.0157056669541635
0.0143370764004067
0.0178854340175167
0.0195151539868675
0.0132644575973973
0.0112934304634109
0.018030120828189
0.0104366651014425
0.0104110375721939
0.0156799621647224
0.0143665880803019
0.0198675629124045
0.0181796839390881
0.015189336980693
0.0152203553705476
0.0111934756953269
0.0142195459804498
0.0109757440141402
0.0104233042919077
0.0152901376830414
0.0138733384478837
0.0193326498568058
0.0105816438398324
0.0126470631384291
0.0130263967509381
0.0157791771343909
0.0139271985460073
0.0118282696884125
0.0177440230036154
0.0121372829400934
0.0138551939465106
0.0192570345988497
0.0172112121875398
0.0193327091541141
0.0166573930135928
0.0110898133879527
0.0168609560257755
0.0139838329120539
0.019777275766246
0.0109810145292431
0.0155119445407763
0.0125043455138803
0.0133468237123452
0.0107063974812627
0.0171957952529192
0.0193904793518595
0.0163523278175853
0.0178062141500413
0.0180232216860168
0.0139034507842734
0.010294043039903
0.0118173889745958
0.0178150727855973
0.0103983910940588
0.0109563609864563
0.0150240508047864
0.0165994104067795
0.0140359827037901
0.0158915364253335
0.0197439766139723
0.0168062513368204
0.0113564654183574
0.013976465263404
0.0140708309970796
0.01377058243379
0.0159849483938888
0.0196368142287247
0.0146703782025725
0.0138482237234712
0.0149388977815397
0.0157055290578865
0.0101956750079989
0.0131279185577296
0.011116631119512
0.0152193788462318
0.0122820697864518
0.0116282183071598
0.0160434668092057
0.0107817759178579
0.0130501753650606
0.0160775245120749
0.0171963645727374
0.012365943712648
0.0111780781205744
0.0196360758016817
0.0135315197636373
0.0126594600407407
0.0186138786119409
0.015455896682106
0.0100435939012095
0.012335363025777
0.0108386255661026
0.0164282409800217
0.0146803335193545
0.0125757607724518
0.0137825241801329
0.0146938556968234
0.0160638163099065
0.0140906697069295
0.0161063133738935
0.0100793158239685
0.0150422729714774
0.0194600246404298
0.0198743388592266
0.017567413279321
0.0125238884589635
0.0126121249934658
0.0148588220239617
0.0168148948228918
0.011671107779257
0.0178860608581454
0.0148825151706114
0.0145327371452004
0.011156040020287
0.0101766807888635
0.0171985806734301
0.0120646959869191
0.0191154207172804
0.0101151912007481
0.0131207418604754
0.0182200580346398
0.0193737068586051
0.0152071816660464
0.0124807114526629
0.0157852352992632
0.0111890509165823
0.0142146351165138
0.0154696497344412
0.0108829116076231
0.0164129800791852
0.0100862665171735
0.0152195349032991
0.0106419604760595
0.0113312612031586
0.0152500478504226
0.0197729763993993
0.0147146825538948
0.0137117275060154
0.0162936210352927
0.0153525103675202
0.0110858813719824
0.0105989179527387
0.0194823576952331
0.0142236373666674
0.0123084217472933
0.0127893719309941
0.0147685242746957
0.016545624891296
0.0109316438692622
0.0101173181505874
0.0169296676199883
0.0151285001309589
0.0129387449193746
0.0121858480246738
0.0175385016598739
0.0122546752216294
0.013000184581615
0.0188020655279979
0.0117427232046612
0.0197494111210108
0.0111979615525343
0.0144093814585358
0.0132420280529186
0.0169885283592157
0.0180740103777498
0.0189378444501199
0.0171055370173417
0.0145813173986971
0.0134218845912255
0.0131933726300485
0.0173022082564421
0.0187741051986814
0.0131305881636217
0.0166498148743995
0.0180502011603676
0.0186013606050983
0.0117590973037295
0.0141684456635267
0.0112340303533711
0.0105157354380935
0.0150880542001687
0.013125942805782
0.0102906883368269
0.0127297351928428
0.0126334836054593
0.0183881297265179
0.0120316571136937
0.0137810494634323
0.0113787792855874
0.0199360869871452
0.0145692942524329
0.013112457182724
0.0195563700981438
0.0188695299765095
0.0135820553498343
0.0149002581276
0.0126326751126908
0.0101366485632025
0.0100679561845027
0.014590144851245
0.0124214374227449
0.0100186782283708
0.0165562986559235
0.011342675446067
0.0174686784204096
0.0128097699955106
0.0159075067378581
0.0104710292932577
0.0157600880879909
0.0191704461257905
0.0123685043188743
0.0180272171925753
0.0110534189222381
0.0107265141280368
0.0132440071413293
0.014482988640666
0.0140551297948696
0.0127102659619413
0.0120324299903586
0.0117900667595677
0.0189865030976944
0.012209866354242
0.0137264474225231
0.0116258169175126
0.0172336973715574
0.0173080273298547
0.0125130669306964
0.0174400243558921
0.0131775923073292
0.0142700077127665
0.0127273714309558
0.0102075125998817
0.0116998868039809
0.017084362981841
0.0126344596687704
0.0173001649719663
0.0110911696078256
0.0139734978205524
0.011853103088215
0.0151953342044726
0.0140837517334148
0.0119351535895839
0.019822759211529
0.0178025113698095
0.0131543563702144
0.0129234134824947
0.0177719435305335
0.0177344003738835
0.0118775618798099
0.0170621882402338
0.0134088813350536
0.0114577371953055
0.0125903331348673
0.0190044302819297
0.0118448718078434
0.0103772553615272
0.0124327703774907
0.0131645529414527
0.0165036717359908
0.0133745977911167
0.0125259796972387
0.018456533018034
0.013683852031827
0.018454688640777
0.019326840529684
0.012010368888732
0.0130684358021244
0.0133887355891056
0.0126499981852248
0.0186127561563626
0.0185917671117932
0.019049518390093
0.0166176528064534
0.0100834659440443
0.0170752778439783
0.0102505108737387
0.0131587369204499
0.0169952946389094
0.0122683391883038
0.0121903502289206
0.0168827132345177
0.0192470685462467
0.0172336824401282
0.0190979535272345
0.010166676749941
0.0178446901543066
0.0143791992636397
0.0154417249350809
0.0116325669921935
0.0177822706149891
0.0115800501545891
0.0112627628841437
0.0122777000814676
0.0128348053339869
0.0188956082635559
0.0129809698509052
0.0110822415794246
0.0116536046168767
0.0187654547323473
0.0184896484902129
0.0103952010557987
0.0106974698184058
0.0139017549552955
0.0152145420061424
0.0108921712636948
0.011493276595138
0.0108755738707259
0.0123841495392844
0.0190168680506758
0.0195520891156048
0.0124314149934798
0.0188967645913363
0.0171211168705486
0.0177720204135403
0.0163167916983366
0.0115790531621315
0.0188844742486253
0.0187282078596763
0.0108747673453763
0.0140756841329858
0.0162391561409459
0.0184849591786042
0.0136122748046182
0.0122332032374106
0.0157178511843085
0.0187722728587687
0.0109568440984003
0.0148892839672044
0.0146962304203771
0.0113689201325178
0.0151549172541127
0.0147989057493396
0.016374779434409
0.0109990720450878
0.0169920347002335
0.0119773503090255
0.0188279914087616
0.0195060017472133
0.0138891235506162
0.0140655245096423
0.0124465459841304
0.01346543406602
0.0115122236823663
0.0100468985596672
0.0175132779637352
0.0196732470882125
0.0175789848901331
0.0163480593427084
0.0138393396092579
0.0101917906221934
0.0122310188482516
0.0115109817776829
0.0155639465642162
0.0143098491756245
0.0113006506371312
0.0172730076103471
0.0120854130154476
0.0100301919947378
0.013853411860764
0.017016624850221
0.0194030793616548
0.0141849791980349
0.0130029241135344
0.013239993408788
0.0104065950284712
0.0116998148337007
0.0138142213784158
0.0139718556939624
0.019785393201746
0.0159915041388012
0.0126976542314515
0.0153958685952239
0.0123440562724136
0.0198399225785397
0.0188356320885941
0.016149850320071
0.0147480383957736
0.0116046986216679
0.0155120944278315
0.014138106086757
0.0113128664041869
0.0158315914077684
0.0160892572859302
0.0145925144921057
0.0130495770857669
0.0186070668534376
0.0146403374732472
0.0184631153079681
0.0105814448790625
0.0166689306730404
0.0177419003890827
0.0132117155985907
0.0110756467306055
0.0141945626656525
0.0121141901123337
0.0166287724813446
0.0178729817341082
0.0154693410452455
0.0125623992970213
0.0166311524016783
0.0127390838623978
0.0160451022069901
0.0136941769090481
0.0118730818037875
0.0167840393376537
0.0183578252210282
0.0155181575147435
0.01104336559074
0.0120269341650419
0.017335303532891
0.0171592733147554
0.0153082866710611
0.0139107476896606
0.0149864213191904
0.0179824791522697
0.0183709650742821
0.0166731394408271
0.0105723388842307
0.0162026054807939
0.0126866489462554
0.0138153183902614
0.0103077870397829
0.0112626272067428
0.0154167423001491
0.0173566453577951
0.0117284973338246
0.0193702791724354
0.0180467489268631
0.0187171373819001
0.0173189459997229
0.0109224202204496
0.0158791229315102
0.0101256491988897
0.014811132918112
0.0152530907769687
0.0197552129183896
0.012894365938846
0.0132285431027412
0.0110062475153245
0.0149704816285521
0.0195587527984753
0.0166878604749218
0.0113623822922818
0.0128821058501489
0.0106691873027012
0.0162545624258928
0.016386383776553
0.0169594466243871
0.0190344968717545
0.0142040396924131
0.0115575331286527
0.0164013837301172
0.0174808690417558
0.0107304507447407
0.0175813391595148
0.0112649836670607
0.016099222979974
0.016181121263653
0.0115346162836067
0.0159442947106436
0.011461754750926
0.0171030956506729
0.0155053332215175
0.0131658074515872
0.0109480243152939
0.0171239565801807
0.0114873342216015
0.0193052633153275
0.0110895936680026
0.0167256771516986
0.0143619436398149
0.0161233809194528
0.0171313677611761
0.0143696205806918
0.0108115163166076
0.0159929098119028
0.0171509227785282
0.0181347430124879
0.0175596080860123
0.0193179741315544
0.0168478336930275
0.0123626584326848
0.0133166790311225
0.0165813499526121
0.0115240974421613
0.0140953134233132
0.0106426050979644
0.013449168857187
0.0114268961478956
0.0140270534018055
0.0170162401814014
0.0126203586207703
0.0137206999678165
0.0105987388105132
0.0185061707021669
0.0121326483180746
0.0152441301592626
0.0166317906579934
0.0184916305774823
0.0104799167462625
0.0118350059166551
0.0145770379109308
0.0197357153682969
0.0111230363114737
0.0119340089824982
0.018223984236829
0.0178907269565389
0.0137646848591976
0.0193557844660245
0.0154060002556071
0.0133747365139425
0.0117089075827971
0.0187487929454073
0.019329380877316
0.0183205928723328
0.0113259451370686
0.0131721686222591
0.0129090475384146
0.0151628676173277
0.0104741219617426
0.0164590413006954
0.014857744302135
0.0196344730700366
0.0179715815419331
0.0107755567133427
0.0135519194835797
0.014360067890957
0.0146501037152484
0.010473703360185
0.0151108574401587
0.0182622993015684
0.0199412909569219
0.0112016435433179
0.0187620199867524
0.0185372758517042
0.0102502559870481
0.0121829327219166
0.0165080615179613
0.0146075524878688
0.0121824459568597
0.0174433674360625
0.0164875424234197
0.0127617536834441
0.0166715343249962
0.0188593781203963
0.0188163000624627
0.0106381599744782
0.0107023574854247
0.0172990713454783
0.0116910297144204
0.0190472722705454
0.0155632376414724
0.0103500442835502
0.0174451930169016
0.0190073583228514
0.0149464072403498
0.0102814470347948
0.0131965716788545
0.01169090524083
0.0103331551398151
0.016375604281202
0.0128774508228526
0.0171445758384652
0.0141381117911078
0.0162451608316042
0.012000932591036
0.0192204889771529
0.0129146190499887
0.0188044811459258
0.0170637905411422
0.0124407545453869
0.0131605591485277
0.0193410527333617
0.0119725137483329
0.0189523066300899
0.0188023653882556
0.0104646172956564
0.0189782692492008
0.0150772261433303
0.0150734038115479
0.0139247356331907
0.0161272073490545
0.0184579429239966
0.0128415424353443
0.0142517107678577
0.0112482563755475
0.0184764188015833
0.0110681259329431
0.0144148681336083
0.0186358518479392
0.0166468567680568
0.0127296193060465
0.0158517802204005
0.0115722453827038
0.0155196244921535
0.0102828484564088
0.0172100684978068
0.0167494438099675
0.0176563537190668
0.017664577497635
0.0113710920047015
0.0149170715035871
0.0142790673882701
0.0165361977089196
0.0191596973943524
0.0165826467331499
0.0166836470318958
0.0123202285123989
0.0135808998183347
0.0114652239601128
0.0130093213822693
0.0154538539866917
0.0175587333552539
0.0171844059531577
0.0167802082980052
0.0177464509359561
0.0103163910331205
0.0181864731363021
0.0183244904363528
0.0193356883130036
0.0192087526037358
0.0171081114164554
0.0193478828156367
0.0100676005054265
0.0127835434977897
0.0194697912712581
0.0118684347113594
0.0194924445962533
0.0128699416574091
0.0144375908374786
0.0196184798469767
0.0148773539578542
0.0111266149953008
0.011362714797724
0.013484061206691
0.0138406854961067
0.0100263310666196
0.0155045270151459
0.0175325793446973
0.0192094426369295
0.0156167064118199
0.0110042988951318
0.0184910296904854
0.0114105675811879
0.0122513405838981
0.0164220915385522
0.0110425751586445
0.0145184461306781
0.0187460335693322
0.0112848665914498
0.0125660589849576
0.014992732333485
0.0110254411026835
0.0106876648031175
0.0148284615576267
0.0160501299542375
0.0151506092608906
0.0140703038778156
0.0129304234101437
0.0177206633752212
0.0176717465929687
0.0121614937484264
0.0160704318317585
0.0190265641082078
0.0101660758140497
0.0115491899102926
0.0169923503720202
0.0143251973902807
0.0133339046873152
0.0185174051322974
0.0135815483820625
0.0183937853830867
0.0136826534569263
0.0192014705599286
0.0163431955687702
0.0158268981496803
0.019476994164288
0.010626359723974
0.0152433877671137
0.0148051318945363
0.0132519379630685
0.0104128120676614
0.0123382351570763
0.0170407115342096
0.0124274000967853
0.019262185737025
0.0119173219404183
0.0100062823295593
0.0148912299005315
0.0128898256202228
0.0129342288081534
0.018086988995783
0.0126051730592735
0.0195321672549471
0.0134441712428816
0.0141023665200919
0.0115466375276446
0.015828845994547
0.014111441152636
0.0152337703621015
0.0150708394823596
0.0141924537648447
0.0165009987028316
0.0135961059946567
0.0196246601175517
0.0176244462095201
0.012786376804579
0.0189310913882218
0.014864965416491
0.0160582508100197
0.012014945615083
0.0184138170001097
0.0159750484651886
0.0139076484111138
0.0106407021940686
0.0144196993508376
0.018532194357831
0.0135879936348647
0.0103075786703266
0.0153546851500869
0.0145500686229207
0.0121823706943542
0.0143384695844725
0.0102472925488837
0.013578094355762
0.0147901830822229
0.0165280398493633
0.012134530772455
0.0141735165868886
0.0160926330811344
0.0156666455883533
0.0129397340212017
0.0110387962474488
0.0142695079441182
0.0128714151144959
0.0137475473969243
0.0121655535348691
0.0128160624252632
0.0112864786828868
0.0186357904970646
0.0112604786711745
0.0181553257582709
0.0181999444868416
0.0169818669813685
0.0107422174327075
0.014978712736629
0.0155856206803583
0.0151384740695357
0.0186509181419387
0.0152404447644949
0.0194359731022269
0.011554472851567
0.0100390431704
0.0105438213562593
0.0141389769641682
0.0101914767036214
0.0171088437410072
0.0190341028082184
0.0190299158077687
0.0146242007869296
0.0132407187181525
0.0138805374247022
0.0198298377427273
0.0101803258783184
0.0122805248131044
0.0187202153191902
0.0107015695539303
0.0177808663900942
0.0151060301391408
0.0106859078188427
0.0188167753629386
0.0187962358049117
0.0131037496123463
0.0183199473074637
0.0120678095659241
0.0108226293907501
0.0189963353308849
0.0183271157322451
0.0149893683916889
0.0183595678256825
0.01761718043359
0.0111176241212524
0.0174761048494838
0.0162528685759753
0.0177779340720736
0.0168446447188035
0.0123630723450333
0.015950293999631
0.0133688865648583
0.0108533517667092
0.0169763908535242
0.0145061647798866
0.0176086829928681
0.0199419568292797
0.018340858023148
0.0164851573831402
0.0155536954430863
0.0121971418778412
0.0126777228526771
0.0199447069899179
0.0157821014686488
0.0157752367900684
0.0139415557449684
0.0170017371908762
0.0100745187047869
0.0158456789073534
0.0143081326177344
0.0192029743106104
0.0115031317574903
0.0130623714299873
0.0147405738057569
0.0159282730240375
0.0100126620498486
0.0105156592139974
0.0149759504641406
0.0102262170868926
0.0141853943490423
0.0100668142107315
0.0168910918850452
0.0134820480435155
0.0160751121421345
0.0190517654665746
0.0165840755356476
0.0143089753738604
0.0150698839174584
0.0114704815810546
0.0155993251106702
0.0136931055248715
0.0195828817086294
0.0100528294011019
0.016119016953744
0.0103676900709979
0.0125364686944522
0.0152997970068827
0.0158283056761138
0.0182314394344576
0.0189809981430881
0.0176827885583043
0.0163015241734684
0.0179500518273562
0.0175781695637852
0.0192317211674526
0.0175917849806137
0.0157069727731869
0.0111037498223595
0.0169019319256768
0.0158346515358426
0.0143270931905136
0.0120191829325631
0.0123424515523948
0.0111406612023711
0.0131459265667945
0.0137560437247157
0.0121215907833539
0.0190443067136221
0.0172458879719488
0.0101688334322535
0.0182850135746412
0.0104888698039576
0.0126453911489807
0.018243545924779
0.0135023778583854
0.0151407071272843
0.0108157320483588
0.0120722500304691
0.0178422247595154
0.0151907991035841
0.0167587446444668
0.0187194801494479
0.0131724879937246
0.0111239396152087
0.0128250004397705
0.0192902620974928
0.017639970688615
0.0112023103283718
0.0124634869303554
0.0193292119633406
0.0199370508827269
0.012630637162365
0.0168106296728365
0.0189048809045926
0.0180655718990602
0.0120000839233398
0.0139138964540325
0.0182089699688368
0.0110494606383145
0.0199238423886709
0.012309191278182
0.0172863147873431
0.0150215692678466
0.0184333694237284
0.0170637939590961
0.0116098658833653
0.0145820373622701
0.0174890943593346
0.0193339184857905
0.0111656373296864
0.0183890923089348
0.0144232967309654
0.0102904451009817
0.0108133284002543
0.0145150270243175
0.0175460442039184
0.0193756415788084
0.0188587327348068
0.0146895109885372
0.0134759906912222
0.0191356247616932
0.0157653797511011
0.0161301653063856
0.0125024730223231
0.0111975581664592
0.0157704631146044
0.0124967649509199
0.0159979041898623
0.0101686643227004
0.0161191158066504
0.0126825291267596
0.0168487326800823
0.0167043834528886
0.0161238743411377
0.0169226189958863
0.011734069744125
0.0150722746900283
0.0114443181501701
0.0125405542715453
0.0170876741083339
0.0107098555820994
0.0157380316499621
0.0185736117768101
0.0189123468124308
0.0101109100645408
0.0143584432848729
0.0198856251873076
0.0147210680320859
0.0188901140284725
0.0129919818043709
0.0158310735085979
0.0197745666350238
0.0196556955063716
0.0150972245307639
0.0186564945289865
0.0161862694728188
0.0111613436136395
0.0189854842820205
0.0118327649496496
0.0171171367052011
0.0124357876670547
0.0140463165193796
0.0161348085897043
0.0115365023934282
0.0128753056656569
0.0147652154555544
0.0154904701700434
0.0169948622537777
0.0113871608767658
0.0149694312899373
0.0107831124751829
0.012364778695628
0.0103051986685023
0.0160342277167365
0.0189408684032969
0.0145027467492037
0.0171253699949011
0.0131507217511535
0.0170675613894127
0.0158747901907191
0.0146133416937664
0.014204249700997
0.0154025298543274
0.0101040625292808
0.0135025596176274
0.0125758266099729
0.0125891800038517
0.0133011162560433
0.0125195882469416
0.0168913653446361
0.0133477964019403
0.0126021042605862
0.0121371305524372
0.0103638808615506
0.0179949703183956
0.0187989214388654
0.0157104645343497
0.0101071542664431
0.0127463146019727
0.0147937098797411
0.0195221651601605
0.0153328512236476
0.0109361445857212
0.0199956564395688
0.0166517738299444
0.0140079172886908
0.0191941452119499
0.0160650652111508
0.017256951443851
0.0161753293056972
0.0188844097428955
0.0176310094515793
0.018524346142076
0.0171958269784227
0.0156587955751456
0.0160671796090901
0.0178943952103145
0.0134016269049607
0.0176963592879474
0.011527889741119
0.0146475404733792
0.0114891010313295
0.015518427179195
0.0150831182673573
0.0119742253958248
0.0151352927344851
0.0125865266122855
0.0110075431969017
0.0140894485637546
0.0152947669872083
0.0193592854565941
0.0193506873562001
0.0102411246462725
0.0118770523858257
0.0105415383446962
0.0103778946446255
0.015346791842021
0.0139576233318076
0.0138647711602971
0.01147949709557
0.0182896878290921
0.0188840284245089
0.0150283778039739
0.0160457966616377
0.0148370063561015
0.0137016169610433
0.0125219190376811
0.0170415659830905
0.0168273351062089
0.0116655757231638
0.0119109871354885
0.0184097358072177
0.0109519052016549
0.0146568200760521
0.0111280916514806
0.0150798679119907
0.0166556707886048
0.0104116674605757
0.0102094750152901
0.0174189989781007
0.0188251897040755
0.0162612100737169
0.0174571433360688
0.0176167846727185
0.0160429934551939
0.0187141648400575
0.0175159658119082
0.0197373111709021
0.0198622029973194
0.0161038749921136
0.0100538268545642
0.0103256509383209
0.019907601850573
0.0132348964549601
0.0110535633773543
0.0187473380495794
0.0177522918162867
0.0152669661398977
0.0120476984675042
0.0189706075424328
0.0177481435239315
0.0110136509593576
0.0197420835797675
0.0128849874157459
0.0173509225761518
0.0165023260284215
0.0118519844929688
0.0150064514973201
0.0193293146439828
0.0147819431847893
0.0109304934553802
0.0132518220762722
0.0182367154094391
0.0184065250423737
0.0167867724015377
0.0178663076832891
0.0103992493683472
0.0128660262003541
0.014231760345865
0.0119178686151281
0.0119907026691362
0.0193739458918571
0.0110777613776736
0.0193413859978318
0.0125134382606484
0.0159257941972464
0.017824198808521
0.0110428287903778
0.0127406273595989
0.0162961989548057
0.0101053368742578
0.0184456560947001
0.0185752048110589
0.0144686421239749
0.0181172569538467
0.0166692890110426
0.0141230026516132
0.0106825878540985
0.013260707615409
0.0125086992257275
0.0122697642631829
0.014313297427725
0.0177364362450317
0.0110060894093476
0.0149598047928885
0.011797942314297
0.0181134574022144
0.0163420263235457
0.0140231578587554
0.0141476934892125
0.0165160970762372
0.0136150123993866
0.0102317783539183
0.0176558222714812
0.014272771498654
0.0100665482319891
0.0140806627902202
0.0167291246098466
0.0143062097672373
0.0100825587753206
0.0160379517497495
0.0170295005547814
0.0157212786609307
0.0147040392435156
0.0131974216573872
0.0195309397089295
0.0181940354499966
0.0161611630138941
0.0198413693718612
0.0151954382634722
0.0168126312224194
0.0123366537573747
0.0104731045546941
0.0167469600308686
0.0153898538462818
0.0175169827439822
0.0101226438675076
0.0108604026841931
0.0176705834968016
0.0120110712153837
0.0185139529895969
0.0105592093826272
0.0133537187310867
0.015323358012829
0.0132403623568825
0.011987152020447
0.0140523929707706
0.0160758779291064
0.0133295077830553
0.0164699444477446
0.0130257007689215
0.0113356143119745
0.0169061682606116
0.0179860017332248
0.0179977822769433
0.0187320568901487
0.0178231346746907
0.0158412775513716
0.0104945580800995
0.0170419941819273
0.0182328337640502
0.0169714318774641
0.0132256218441762
0.0138066711486317
0.017878039451316
0.0171952222380787
0.0126582992076874
0.0109830122976564
0.0109182781702839
0.0180864522606134
0.013847220314201
0.0189183532586321
0.0187467301962897
0.019360418736469
0.0118259418825619
0.0127025218075141
0.0132038032240234
0.0114997016685084
0.0187094610091299
0.0188046985748224
0.0176836936082691
0.0129751868266612
0.0122711723507382
0.0135790965938941
0.0195413364446722
0.0174896798026748
0.0121058012661524
0.0150560509762727
0.0192397875105962
0.0169214513315819
0.0126306736259721
0.0189838874875568
0.0115074867778458
0.0183213574835099
0.0176202004449442
0.0103884097118862
0.0128695536614396
0.0105026464560069
0.0155404058098793
0.0138071611500345
0.0191249342798255
0.0100259673711844
0.0179528993787244
0.0117781570856459
0.0108640956110321
0.0155728426971473
0.01753528079018
0.0182838729023933
0.0173779327259399
0.0115951611031778
0.0154128815722652
0.0148593777325004
0.0110279581602663
0.0123871562443674
0.0110238730628043
0.0158766935928725
0.0123204857041128
0.0152311052056029
0.0121250967518426
0.0110396517207846
0.0110177550045773
0.0111221722280607
0.0189253168320283
0.0159528866969049
0.0166075245523825
0.0186425594775938
0.0184736490156502
0.0165875391638838
0.0162694484228268
0.0139408355229534
0.013599066787865
0.0121509779966436
0.0126305124373175
0.0137005045590922
0.0187841163179837
0.0137799717765301
0.0114995414903387
0.0118788861087523
0.0195428426214494
0.0168582802917808
0.0156645746342838
0.0185770800057799
0.0123250188492239
0.0123307669023052
0.0186381848575547
0.0139614773215726
0.0124991086288355
0.0134083690331317
0.0105671208584681
0.0135277734161355
0.0110447567887604
0.0178044823091477
0.0109656853438355
0.0113605266204104
0.0117712481599301
0.012770567566622
0.0145488575240597
0.0112847217195667
0.0122262502089143
0.0145267701684497
0.0140640130802058
0.011631929834839
0.0126729094935581
0.0161693785456009
0.0142394639085978
0.0180971836578101
0.013573511573486
0.01718895962229
0.0182773779705167
0.0104044453287497
0.0177890454768203
0.0164970692060888
0.0107079341099598
0.019211289586965
0.0153022904926911
0.0175889574689791
0.0110343914222904
0.0132975254836492
0.0109838482039049
0.0117082995316014
0.0109813846065663
0.0106016359734349
0.0101494891825132
0.0111185311106965
0.019181539688725
0.0186938640568405
0.0129987207963131
0.0135145753435791
0.0103826233441941
0.0131163775385357
0.0122643438866362
0.0123656048695557
0.0136293186270632
0.0111343751195818
0.0113169372174889
0.0140480934199877
0.0124829062819481
0.0132434125454165
0.011414741599001
0.0164044055133127
0.0199998130346648
0.0132859283057041
0.0152237045462243
0.0123037402098998
0.0166618047957309
0.013941643408034
0.0100881483405828
0.0122522688796744
0.0142428319179453
0.0142151981173083
0.0101869804062881
0.0181052024639212
0.014007199422922
0.0160886826948263
0.0145522362645715
0.0125776603654958
0.0172916929796338
0.0153143895440735
0.0197935451311059
0.0136896760412492
0.015659957586322
0.0173288881359622
0.0187560952827334
0.017227266789414
0.017709836945869
0.0113896491168998
0.0119874402903952
0.0195553931756876
0.0128089572908357
0.0187816897593439
0.0187681117514148
0.010616984392982
0.0166312120831572
0.0194429552252404
0.0107013093773276
0.0114552480774
0.0150493455585092
0.0128068039286882
0.0192098382348195
0.0109089819388464
0.0133891770453192
0.0183837540331297
0.0127196100214496
0.0161518940236419
0.0174652016302571
0.0193266780185513
0.0115458865440451
0.0128613097663037
0.0187040283018723
0.0186079940036871
0.0195408939174376
0.0133290907507762
0.0121626258385368
0.0102983440249227
0.0147772509884089
0.0174928167136386
0.0197597302054055
0.0141950644738972
0.0145247675315477
0.0176947397552431
0.0129912058520131
0.0122675723396242
0.0127557654771954
0.0105471930024214
0.0149538070801646
0.0127292089397088
0.0156202220590785
0.0166625914839096
0.0197552959714085
0.0134075435902923
0.0144720715447329
0.0137642117217183
0.0179363656160422
0.0174143804237247
0.0113017674349248
0.0119666887447238
0.013752005614806
0.0176353090093471
0.0149861204042099
0.0181855506589636
0.0106612117006443
0.0129591132164933
0.0156369939632714
0.0136102446471341
0.0196500141639262
0.0119235816341825
0.0144223760813475
0.0199569727526978
0.0195477755996399
0.0193267127056606
0.0116049519344233
0.0172063901391812
0.0125061400583945
0.0170144718629308
0.0107761628809385
0.0138602648908272
0.014950059063267
0.0158365442440845
0.0167837927886285
0.0148028877098113
0.0160245911986567
0.0126589347654954
0.0108921004948206
0.0106133351335302
0.014118293558713
0.015186234251596
0.0104863218893297
0.0194680072832853
0.0196393874101341
0.0155776416463777
0.0133244858100079
0.0122876344923861
0.0116803861036897
0.0106609812239185
0.0163414369802922
0.0192364123067819
0.0173028580006212
0.0176572524453513
0.0140178908780217
0.011307469997555
0.0106644285237417
0.0186113908421248
0.0108309044758789
0.0105992640531622
0.013115971009247
0.0137894932390191
0.0194677824340761
0.0179794641095214
0.0135050850734115
0.0116758567979559
0.0116555111669004
0.0148770573618822
0.0108870625379495
0.0118444176204503
0.0151881722686812
0.0187114380835555
0.0101849564537406
0.0169368826271966
0.0170130054652691
0.0149930219026282
0.0119679473852739
0.0109052967000753
0.0118061464489438
0.0131014506914653
0.0168613555142656
0.0124920221860521
0.014044171127025
0.0152024165797047
0.0134597875922918
0.0188892522011884
0.0189312265207991
0.0143380131782033
0.016261673620902
0.0103070463542826
0.0174100208398886
0.0176238122209907
0.0190793530107476
0.0117481852625497
0.0118078745529056
0.0130445006978698
0.0197200124152005
0.0151736590079963
0.0164724797173403
0.0152675472456031
0.0195599701837637
0.0170213110442273
0.0166279531572945
0.0158467308827676
0.0110567461675964
0.0183583692321554
0.0149330058274791
0.0124457894125953
0.0138490212685429
0.0121009879303165
0.0170855750096962
0.0165593523532152
0.0112040258385241
0.0191060532140546
0.0120567374420352
0.0191480423440225
0.0179004318709485
0.017417306501884
0.013453835293185
0.0102282130485401
0.0134547416539863
0.0138487498299219
0.0161353448592126
0.0130221614078619
0.0130507608130574
0.0114134324924089
0.013435011182446
0.0189479846996255
0.0100641058268957
0.010385237110313
0.0198534081061371
0.0104606809280813
0.0136447556782514
0.0130689237941988
0.0196597209386528
0.010895197049249
0.0154763911082409
0.0139531107968651
0.017143719275482
0.0114620920666493
0.0189694571774453
0.0140013846708462
0.0100232398463413
0.0110667703743093
0.0184103248384781
0.012921928379219
0.0115209794323891
0.0196011533169076
0.0179422208317555
0.0180047585489228
0.0162927634152584
0.0148671509511769
0.0132236988702789
0.0137778740446083
0.0115291595482267
0.0168335126084276
0.019605708825402
0.0157958550890908
0.0165035050758161
0.0121618169429712
0.019172058890108
0.0128835464664735
0.0107893958874047
0.0178637793613598
0.0145330596342683
0.0183608915400691
0.0120351611147635
0.0171039507933892
0.0182541923737153
0.0107244086475112
0.0146940615889616
0.0161602610349655
0.0171624016435817
0.0146591276675463
0.0100337054952979
0.0137694338732399
0.0111156367207877
0.0131281150714494
0.0149830546882004
0.0140440069767646
0.0118498785654083
0.0134610386495478
0.0100752497906797
0.0126312657957897
0.0163626719894819
0.0102185629308224
0.01943848118186
0.0199295338825323
0.0109817027323879
0.0129718696326017
0.0135403356305324
0.0156550999195315
0.014158586061094
0.0188894322980195
0.0124570496170782
0.0127909611514769
0.010550687504001
0.0149970155069605
0.0108646400459111
0.0151841477304697
0.012665280434303
0.0186870220000856
0.017733574078884
0.0129082259000279
0.014818008702714
0.0121623874665238
0.0147136767674237
0.0142184721771628
0.0159794997680001
0.011806601153221
0.0159228073921986
0.0170042159501463
0.0147241874109022
0.0162207008129917
0.0197458687308244
0.0105835660756566
0.0117280316073447
0.0193970450665802
0.0141431811172515
0.0144634209573269
0.0144536376930773
0.0114259455539286
0.0103613955178298
0.019888109297026
0.0137866086652502
0.0160449606226757
0.0179605855816044
0.0174882809724659
0.0186121640005149
0.015016597090289
0.0122776362579316
0.0106117118056864
0.0114494502241723
0.0134899091045372
0.0134241159306839
0.0183940536552109
0.0101238598604687
0.0101793363923207
0.0180970572982915
0.0121910038567148
0.0158431962877512
0.0185967019246891
0.0184979982697405
0.018625480660703
0.0129667786019854
0.0171582001377828
0.0170052969222888
0.0171267640823498
0.0111814561858773
0.0116804254683666
0.0105984419491142
0.0124390788562596
0.0146166649763472
0.0192779664532281
0.010753771471791
0.0136084255203605
0.011420916384086
0.0100383991328999
0.0145837605092674
0.0177918572188355
0.0195253546838649
0.0157606490328908
0.017811605844181
0.0118513807957061
0.0151880521140993
0.0192513042734936
0.0123136825626716
0.0110194378253072
0.0199583530263044
0.0111350117414258
0.0132817660132423
0.0105044467491098
0.0135167953721248
0.0101578155788593
0.01792627628427
0.0197697328729555
0.0141687027318403
0.0109904711460695
0.0198482135660015
0.0139614853798412
0.0181864159624092
0.0179362091165967
0.0138663937384263
0.0128761772997677
0.0163829473522492
0.0123307340126485
0.0101084507978521
0.0101999200740829
0.0116217389400117
0.0114832908310927
0.0181937922514044
0.0138758371351287
0.0152253239415586
0.0138078454858623
0.0153111272840761
0.0159449988696724
0.014478427185677
0.0179684255411848
0.0114390115160495
0.0138163692993112
0.0128392411116511
0.0198288535536267
0.0121905632317066
0.0187300779600628
0.0116866811853834
0.0164049466117285
0.0183242692169733
0.0193595246342011
0.0126215806487016
0.0162427351158112
0.0132080226507969
0.0132981796236709
0.0106009105360135
0.016134831381496
0.0159402437065728
0.0111328315641731
0.0118968084012158
0.0126758195180446
0.0125628362153657
0.0132233123295009
0.0150852238736115
0.0170019829669036
0.0172827764530666
0.0177322928747162
0.0133162313327193
0.0163960285880603
0.0163757393462583
0.0126722440286539
0.0198853923240677
0.0168486650963314
0.0181280945986509
0.0159512615110725
0.0185320531064644
0.0170327122951858
0.0170146225113422
0.0113699375512078
0.0188712631422095
0.0141008569393307
0.0184912558924407
0.0195294611738063
0.0129942017653957
0.0186581347184256
0.0101268512429669
0.0195164221944287
0.0195798103022389
0.0174854843621142
0.017457628750708
0.0136922185844742
0.010091645931825
0.0135588283743709
0.0100973422150128
0.0163341342005879
0.014896782853175
0.019185951994732
0.0122975598624907
0.0117377309151925
0.0194520190381445
0.0101708153984509
0.0194040967198089
0.0168785463552922
0.0112164130737074
0.0141118242638186
0.0176490243640728
0.0115383115340956
0.0143774184887297
0.014032803021837
0.0143597936630249
0.0112107218266465
0.0119617465813644
0.0102151533961296
0.0105677778320387
0.0148404462588951
0.0133496769424528
0.0154984974465333
0.0190073764743283
0.0132127910107374
0.0195612746523693
0.015484443793539
0.0122567575005814
0.016708551584743
0.0136215407424606
0.0159543046006002
0.0134700120566413
0.0107193313888274
0.0115322578605264
0.0169542783405632
0.0127296727965586
0.0195369591773488
0.0189081593439914
0.0109128417447209
0.0145847056503408
0.0162931066984311
0.0189874202338979
0.017754240965005
0.0181338145886548
0.0167885818891227
0.013918813415803
0.0179333134321496
0.0118646962265484
0.0190644784132019
0.0170024827099405
0.0197676249477081
0.0136513018538244
0.0153799544018693
0.0117131741298363
0.0197093190834858
0.0114525062474422
0.0187932831514627
0.0125176991638727
0.0112486812984571
0.0184808099921793
0.010145599769894
0.0142486346256919
0.0133454399299808
0.0129918876709417
0.016814942357596
0.0180728012230247
0.013412445965223
0.0109398523997515
0.0134386276453733
0.0183208267809823
0.0103332074265927
0.0126116285985336
0.0118950161221437
0.0191776527091861
0.0179855970153585
0.0156089749699458
0.0182078693620861
0.01816150466213
0.0165927535481751
0.0141754105477594
0.0145409258943982
0.0174519533733837
0.019912435116712
0.0154294966766611
0.0125897872890346
0.010033628817182
0.011227548813913
0.0106283500115387
0.0195776164438576
0.0179471110412851
0.0197455908614211
0.01183611495886
0.0166315513034351
0.0149649805645458
0.0149237354961224
0.0154421331686899
0.0135343415569514
0.0156944104400463
0.0151141376281157
0.0184160297457129
0.0148839486343786
0.0136869522067718
0.0109080997249112
0.0115951675083488
0.0124605494970456
0.0115604441426694
0.0161967653338797
0.0183746741502546
0.0155999797279947
0.0158534968434833
0.015209211120382
0.0191031814669259
0.0190254540392198
0.0164483730285428
0.0156511234608479
0.0159644942660816
0.0118115605507046
0.0115014173462987
0.0137996500777081
0.0192911204905249
0.0160737415519543
0.0182948486553505
0.0157752371788956
0.0156080179428682
0.0191692977631465
0.0113583424827084
0.0111508045624942
0.019924044215586
0.0174059640895575
0.0199564414960332
0.0161889644037001
0.0196041359519586
0.0136923702736385
0.0172070000180975
0.0135499224066734
0.0169055576785468
0.017343493567314
0.0197696297918446
0.0110565320611931
0.0122749213478528
0.0170875970064662
0.0155284500098787
0.0186078914487734
0.0142370451823808
0.0106113417376764
0.0187364780530334
0.01182841649279
0.0192475406359881
0.0186925866315141
0.0110090326634236
0.0103526306361891
0.0135736012784764
0.0178097035130486
0.010541615083348
0.0131427028612234
0.0106834342307411
0.017016944908537
0.0158549713203683
0.0197608952736482
0.0199631256354041
0.0172591602872126
0.0190448911022395
0.0148329845909029
0.014104855589103
0.0108502533449791
0.0130562264006585
0.0196986185084097
0.0161723073362373
0.0124147760099731
0.0191003507212736
0.0189029876934364
0.0135198798053898
0.0145039932290092
0.0127215414610691
0.0137886548554525
0.0181321371742524
0.0162673297850415
0.015840122832451
0.015643923797179
0.0197046003886499
0.0100160211371258
0.0135649598250166
0.0105429520644248
0.0135079164011404
0.0195441430923529
0.0174376284726895
0.0194161254027858
0.0148878893745132
0.0195251636230387
0.0113216667459346
0.0175266560446471
0.0191870110039599
0.0120885540731251
0.0185286979936063
0.0137892589182593
0.010141015322879
0.0129661202942953
0.0110628765821457
0.010813030640129
0.0199300566851161
0.014935363184195
0.0199528795457445
0.0131159297283739
0.0194352839351632
0.0156104863760993
0.0121763648861088
0.0176689158263616
0.010269239617046
0.0164270728384145
0.016751206566114
0.0193327414337546
0.0153029034542851
0.0147328641847707
0.0124302478483878
0.0110285376594402
0.0174306485336274
0.0182280671782792
0.0104253048822284
0.0155108525045216
0.0152932449546643
0.0157883883966133
0.0107463785563596
0.017570119202137
0.0154525383212604
0.019585583449807
0.01305741249118
0.0102828046446666
0.0199441277747974
0.0153569637681358
0.0162808146351017
0.0187263071490452
0.0101846907590516
0.0131635182118043
0.011910284946207
0.0148229004931636
0.011463608474005
0.0143863154808059
0.01646414142102
0.0107640414126217
0.0132901806174777
0.0116992908716202
0.0178651867131703
0.0175891458825208
0.0140829135640524
0.0100622428045608
0.0144344134256244
0.0166842995444313
0.0195509891677648
0.0152612409484573
0.0184228403843008
0.0117881006188691
0.0199334880057722
0.0101091613643803
0.0188271255674772
0.0195276355184615
0.0199840690614656
0.0189684870070778
0.0194963962468319
0.0122059234348126
0.0147599662817083
0.0180419902596623
0.0199875646457076
0.0157666400354356
0.0185761080682278
0.0161578523321077
0.0144912846037187
0.0172339299484156
0.0116260294569656
0.0101621662382968
0.0125118872337043
0.0160746797756292
0.0132333986088634
0.0118950062221847
0.0174918154953048
0.0148495741188526
0.0146544907847419
0.0177315266453661
0.0153233284130692
0.0105656820186414
0.0196618981077336
0.0104540392942727
0.0121124356030487
0.010823639377486
0.0135905547114089
0.0140237977867946
0.0131022471049801
0.0137695997883566
0.0190141088236123
0.0196960103115998
0.0191532814595848
0.0129478412284516
0.0185179712483659
0.014483002491761
0.0166609382187016
0.0178962926194072
0.0126785504631698
0.0131534593296237
0.0125367278931662
0.0126823036628775
0.019192327526398
0.0192953181709163
0.0189704137505032
0.0137300472776406
0.0106862106267363
0.0105150619288906
0.0151847912883386
0.0125926254596561
0.0153294868883677
0.0112363635399379
0.0155161278368905
0.0180328713287599
0.0171443729358725
0.011494999693241
0.01271342957858
0.0172470114170574
0.0130868673697114
0.0159793364396319
0.0110019689844921
0.0169777522492222
0.0168364321091212
0.0178127840254456
0.0172564635938033
0.0113644819636829
0.0119218300608918
0.0140712297032587
0.0153779127309099
0.0148953362321481
0.0106438952381723
0.0100083901849575
0.0179945265385322
0.0178959401510656
0.0152231655572541
0.0125967159424908
0.0185228957678191
0.0100543306558393
0.0130146727222018
0.0170231886859983
0.0168748752074316
0.0110372398165055
0.0119093848299235
0.01246391690569
0.019342682545539
0.0148309697746299
0.0113945708842948
0.0110539721394889
0.0175309505918995
0.0139169707871042
0.012941679530777
0.0122331069246866
0.0173712303955108
0.0110318719269708
0.0144597353274003
0.0145820398349315
0.0130887038749643
0.0175500374031253
0.0181082979519852
0.0136771696223877
0.0146361663728021
0.0166715253074653
0.0115550530399196
0.0192561711068265
0.0193522106087767
0.0160392845585011
0.0185360385570675
0.0188410791335627
0.0164943201560527
0.0195699191256426
0.0135215388215147
0.0194059250177816
0.0193926150212064
0.010307769998908
0.0178039266797714
0.0153399867541157
0.0141814399091527
0.0111935769254342
0.0182303794915788
0.0156974435620941
0.0163402035087347
0.0115941180754453
0.019062660173513
0.0179713597684167
0.0182980699208565
0.0102747016958892
0.0146759026567452
0.0144957200647332
0.0184165527042933
0.0188854186143726
0.0183120574709028
0.0100102272792719
0.0147975609637797
0.0141854747431353
0.0131991433678195
0.0126113526034169
0.0175597087945789
0.0189303404791281
0.0104976565088145
0.0194162524631247
0.0193610438727774
0.013720293303486
0.010272771527525
0.0198852072027512
0.0138298355764709
0.0137211122596636
0.0186697378428653
0.0199584615998901
0.0167666779458523
0.0128517770417966
0.0191148988506757
0.0151847013481893
0.0101263769669458
0.0132941183354706
0.011779898928944
0.0112084549269639
0.0166047564311884
0.0156743123405613
0.015585603248328
0.0197487993398681
0.0189038251689635
0.0177550212945789
0.0155676528066397
0.0188186972727999
0.0117100361268967
0.0165269855968654
0.0178495960822329
0.0131498133577406
0.0105001829378307
0.0108088784362189
0.0196167750400491
0.0131197806098498
0.018528951741755
0.0197844160604291
0.0156441739364527
0.0160445577534847
0.0101207084977068
0.0138207378028892
0.0113280650507659
0.0113350216345862
0.0116288060531951
0.014544862001203
0.0152032046508975
0.0147542516235262
0.0163862325600348
0.0167321973154321
0.0103033020487055
0.010348754900042
0.0126384160644375
0.0176767899258994
0.0119904222129844
0.0162492157076485
0.0103236947744153
0.0160296392021701
0.0107951800269075
0.0100881287758239
0.0166466993372887
0.0191170240542851
0.0187955922074616
0.0137449982296675
0.0187017436418682
0.0125122113595717
0.0178463027928956
0.0173795059672557
0.0185260559129529
0.010500738020055
0.0113530006748624
0.0117356666526757
0.0170501643721946
0.0145332709420472
0.0179243508679792
0.0116141481953673
0.0118413592735305
0.0100627834559418
0.019114672949072
0.0141459119901992
0.0129407059098594
0.0149939601821825
0.0110239875642583
0.0160766911227256
0.0124611305049621
0.0168744821636938
0.0153857778897509
0.011524097234942
0.0139208418899216
0.0194409676501527
0.0137865737685934
0.0142246959614567
0.011147640820127
0.0112412492418662
0.0164082514191978
0.0110328843886964
0.0108184957248159
0.0113089074078016
0.0198642268567346
0.0194843149953522
0.0197367798513733
0.0105871730763465
0.0199077196582221
0.0110387307405472
0.0166624965588562
0.018861909059342
0.0148539734212682
0.0108491866011173
0.0109944471693598
0.0118518553278409
0.0189633680041879
0.0130636987090111
0.0137203276040964
0.0186972397845238
0.017803620013874
0.0132362521579489
0.0130558592220768
0.0129967525298707
0.0132179098436609
0.0158271399140358
0.0163834501896054
0.017686986210756
0.0191978403646499
0.0159164927667007
0.0189498069230467
0.0189364467398264
0.0163335652067326
0.0158003348764032
0.0182387497602031
0.0108052564552054
0.0129528674203902
0.0119353999057785
0.0177098067710176
0.0189172742003575
0.0159301517368294
0.0149624976725318
0.0185625214152969
0.0186125744669698
0.0136818109056912
0.0172149908565916
0.017703856471926
0.0148833169322461
0.0160966557776555
0.0105184095166624
0.0144744173740037
0.0106235411460511
0.012642825152725
0.0158347812481225
0.0145956771937199
0.018300245613791
0.0132043122593313
0.0188223202968948
0.0133240090520121
0.0168269674549811
0.0130750677129254
0.0196506043244153
0.0187871957430616
0.0164090116554871
0.0171489284234121
0.0111720874789171
0.0181481787213124
0.0147478639823385
0.0159511604323052
0.0165261168824509
0.0140056590177119
0.0119374174810946
0.0187091451720335
0.0176430873456411
0.0167744052666239
0.0137568272184581
0.0187681937287562
0.0105503900628537
0.0136730885086581
0.0194258767622523
0.013359888412524
0.0168643377441913
0.0150749727408402
0.0135672694677487
0.0136139468103647
0.0129217013437301
0.018879405700136
0.0147411943506449
0.0113275377755053
0.012984260392841
0.0101123672071844
0.0116317426785827
0.018807960357517
0.0143584306794219
0.0147320805303752
0.0142421896220185
0.0123715121066198
0.0124316520290449
0.0106977669871412
0.0187459628586657
0.0145413549244404
0.0189777795760892
0.0104990042606369
0.0117208281392232
0.011175662393216
0.0152720920252614
0.0165038153692149
0.0174286723812111
0.0182913486007601
0.018542225509882
0.0116114733158611
0.0121227512299083
0.01519570362987
0.0118356867413968
0.0163294045021757
0.0112307444517501
0.0154532501404174
0.0145648994576186
0.0144515660079196
0.0140956452046521
0.0125306218932383
0.0151306207058951
0.0195171859464608
0.0120356163801625
0.0101168911182322
0.0115387595468201
0.0100777725758962
0.0198405565181747
0.0189667892619036
0.0176331761409529
0.0196208278136328
0.0182233169884421
0.0156955011584796
0.0121262889588252
0.0177520528831519
0.0120908990572207
0.0110007798019797
0.0114430350461043
0.0101286684442312
0.0146422397182323
0.011593789930921
0.0129150940710679
0.0139760530460626
0.0137527002487332
0.0136041582725011
0.0154001901182346
0.0172837798041292
0.0108661667630076
0.0108454066072591
0.0113826604327187
0.0116033168765716
0.0119982537603937
0.0196212277095765
0.0169333710242063
0.0146749853412621
0.0175273918616585
0.0172970539680682
0.012211725290399
0.0113935655727983
0.0179709183285013
0.0156675274018198
0.0163032935420051
0.0154775728983805
0.0178636020934209
0.0111700023361482
0.0167223820276558
0.0160482390015386
0.0128147831349634
0.0168941648746841
0.0135571604245342
0.015989079377614
0.0185261230100878
0.0111620041239075
0.0153467830084264
0.0118380932067521
0.0147418632754125
0.0193208035104908
0.0186891842912883
0.0143113417760469
0.0125721146701835
0.0159856846975163
0.0171553206001408
0.0188689488428645
0.0191667736019008
0.0179610655945726
0.0169257104024291
0.0119976151245646
0.0182474903459661
0.0115935878735036
0.0107655727444217
0.0122229790664278
0.0173775052768178
0.0160986639466137
0.0119604487228207
0.0158512930385768
0.0134501659753732
0.0103632359346375
0.0153923247102648
0.0156867998372763
0.0158329807710834
0.013790796562098
0.0147241365257651
0.0166964480746537
0.0110059180553071
0.0113228206033818
0.0144183475454338
0.0118128011794761
0.0140441083931364
0.0117322225426324
0.0161626897845417
0.0184030419774353
0.0144090560381301
0.0107579906983301
0.0111472069239244
0.0197123370063491
0.0126565435086377
0.0195830625132658
0.0191064134263434
0.0172930603381246
0.0104974317806773
0.0162743718666025
0.0158625515107997
0.0161266784067266
0.017406677280087
0.0111480846256018
0.0130889071989805
0.0170068058511242
0.0144838940328918
0.0176761362538673
0.0167102152295411
0.0180845803511329
0.0119712782232091
0.0154969129990786
0.0165837207017466
0.0111641863081604
0.0123652604594827
0.0157744671357796
0.0160309070162475
0.0166939478786662
0.0140432887384668
0.0108979096962139
0.0147325348691083
0.010117966493126
0.0172074346221052
0.0129050912498496
0.0100116900308058
0.013294680013787
0.0178195867664181
0.0148098251991905
0.010754897845909
0.0198833383456804
0.0141286113089882
0.0115298449597321
0.0158445870038122
0.0143253090651706
0.014646168879699
0.0161367155448534
0.0181483916332945
0.0141965567972511
0.0176391174388118
0.0122488023457117
0.0107164607057348
0.017898183290381
0.0167248356016353
0.0124121273588389
0.0155320391338319
0.012906203949824
0.0111757409851998
0.0165020399540663
0.0152359239105135
0.0167432706523687
0.018739873401355
0.0130025318427943
0.0104487802227959
0.0197969812387601
0.0136018765321933
0.0113891007355414
0.0163169990037568
0.0100965631916188
0.0184827553713694
0.0183659030473791
0.0143918428244069
0.0193162163486704
0.0181667978316545
0.0103813952975906
0.0106805415917188
0.0115158879128285
0.0120131073193625
0.0119530495768413
0.0128765774262138
0.0168650626251474
0.0154924893681891
0.0151639247080311
0.0186166856437922
0.0171715986263007
0.0138759954739362
0.0190472822496668
0.0126190498052165
0.0189258250640705
0.0173507252987474
0.019414812985342
0.0170544056524523
0.0157231822004542
0.0143620987958275
0.0121521579171531
0.0181465236237273
0.0163091966067441
0.0122606880054809
0.0110199997783639
0.0105834672716446
0.013308285435196
0.0165794491930865
0.0167667746730149
0.011491009159945
0.011957067316398
0.0145287208980881
0.0165014118351974
0.0171340698399581
0.0121556638437323
0.0132046408834867
0.0192264901893213
0.0176562896650285
0.019513969256077
0.0143966004229151
0.0111708295880817
0.0105931272101589
0.0141730139660649
0.0132087441394106
0.0178446055855602
0.01516728234943
0.0146773438202217
0.0148887725127861
0.0102756748581305
0.0162672739732079
0.0146212329505943
0.0100470828730613
0.0194429771462455
0.0158657836215571
0.0108632297697477
0.012097577129025
0.0174988908483647
0.0103272515395656
0.0179246133659035
0.0193012526398525
0.0193939281487837
0.0171761697204784
0.0196481728600338
0.0116372358403169
0.0106676466320641
0.0135130997467786
0.0125814233487472
0.0153800228633918
0.017109691130463
0.0195770736294799
0.0195029281778261
0.0183509727497585
0.0121803179592825
0.0182896370626986
0.0178577278973535
0.0101401354838163
0.0194365978473797
0.0113508227933198
0.0171930628805421
0.0129393897484988
0.0101399217662401
0.0190182543196715
0.0145913473237306
0.0162658860604279
0.0144501445745118
0.010923652020283
0.0128519018087536
0.0188632295420393
0.0134003255004063
0.0179198719398119
0.0156324898498133
0.0102567721274681
0.0142228508740664
0.0198658242984675
0.010655270058196
0.0137302347715013
0.0135396658512764
0.015429194024764
0.0177829192555509
0.0185241660522297
0.0104024022305384
0.0103096094261855
0.0186085842479952
0.0184293355816044
0.0154045460256748
0.0191140429279767
0.0189235330210067
0.0110933146835305
0.0159273852175102
0.0166126854508184
0.0113010843703523
0.0178590091411024
0.0105910557229072
0.0128691152180545
0.0125594720221125
0.0172532561211847
0.0113577652024105
0.0170532627706416
0.0187714026449248
0.0179977514105849
0.0193550075683743
0.0165650164312683
0.0120210774289444
0.0199940159777179
0.0195510284439661
0.0188238825439475
0.0140905009047128
0.0155171970860101
0.0165419361949898
0.0131507111550309
0.0122604575636797
0.0159487210679799
0.0175866816751659
0.0154954503639601
0.0123463095282204
0.0140600796905346
0.01608830408426
0.0114980706688948
0.0108099220087752
0.0112763702403754
0.0108914958755486
0.0128780566970818
0.0172312112781219
0.0176051011774689
0.0141636896925047
0.0134445386426523
0.0176686328696087
0.0115903883008286
0.0126765917381272
0.0180816124752164
0.0179210720397532
0.0197140434617177
0.0121044258703478
0.0160885637812316
0.0112669350183569
0.0134251507651061
0.0114551988034509
0.0140208422834985
0.0182809703215025
0.0116074380325153
0.0143128515779972
0.0165332733979449
0.0168894811533391
0.0163340049493127
0.0122654426586814
0.0135944086802192
0.0108447498106398
0.0197996016941033
0.0168896704004146
0.0142143378150649
0.0187041155062616
0.0191028040507808
0.0151092225546017
0.0134085776330903
0.0118680958915502
0.0122613011184148
0.0157233689236455
0.0190112413698807
0.0134350423724391
0.0124561327998526
0.0119266887195408
0.0172852843720466
0.0110352833452635
0.0176852193800732
0.0173755219299346
0.0155506995623
0.0116339372564107
0.0133348654164001
0.0148572407942265
0.012469929989893
0.0191421366226859
0.0186651565833017
0.0138435177807696
0.012370322085917
0.0170626229583286
0.0172157123242505
0.0155856488528661
0.0195289285783656
0.0116017545200884
0.0163533449615352
0.0108309189253487
0.0117088552867062
0.014301908374764
0.0180930200451985
0.0139673057757318
0.0173078261408955
0.0187721114326268
0.0148717013304122
0.0124965042970143
0.015495391767472
0.0178013980016112
0.0141286895633675
0.0122921942244284
0.0122731329756789
0.0121798474853858
0.0112150973384269
0.0100404458632693
0.014369650548324
0.0172168415202759
0.0123977267346345
0.0199710284173489
0.0162344493623823
0.0122626168071292
0.0154298824816942
0.0133386449841782
0.0115145328058861
0.0111628683679737
0.0140933698532172
0.0136480198730715
0.0151005393313244
0.0131107259215787
0.0139094487391412
0.0130854950728826
0.0107151759997942
0.017649876200594
0.0197102487855591
0.0161720362165943
0.0150459598167799
0.0136331460857764
0.015940894051455
0.0149754957668483
0.0177506232238375
0.0188255423144437
0.0160236505162902
0.0182357915560715
0.0178662276105024
0.0103423564718105
0.0191143622226082
0.0176203665020876
0.0132216731621884
0.018045429312624
0.0113227942981757
0.0165898279868998
0.0100445338455029
0.0107641410338692
0.0138942209933884
0.0159394984203391
0.0151529073296115
0.0198968088114634
0.012019923820626
0.0183456453448161
0.0119544740091078
0.0119598288997076
0.0175371797755361
0.0174146791221574
0.0183146964106709
0.0132492032786831
0.0176887368387543
0.0111148915137164
0.0188855150924064
0.0128479094221257
0.0108161043003201
0.0153823434282094
0.0186497147404589
0.0162176503310911
0.0185581827349961
0.0120987161830999
0.0191188711603172
0.018106173533015
0.0131081367586739
0.0111370549816638
0.0171368374372832
0.018013926318381
0.015323411107529
0.0147315981611609
0.0175969699909911
0.0129041048628278
0.0134178976039402
0.0141298271086998
0.012033326656092
0.0104997782385908
0.0134996335394681
0.0185388391558081
0.0121560752345249
0.0180948189599439
0.0190093101817183
0.0142424137191847
0.0171918558841571
0.0193736622668803
0.0197172288410366
0.0167232895153575
0.0174303606315516
0.0183423043042421
0.0180585199128836
0.0143390872771852
0.0150254495930858
0.0124942220328376
0.0178103482653387
0.011284166937694
0.0141371069825254
0.0171907640038989
0.0174949612747878
0.0120482293376699
0.0103066864004359
0.0150730461184867
0.0164998082607053
0.0167044204776175
0.019667521531228
0.0152333432156593
0.0132575021195225
0.017733913406264
0.0175433713127859
0.0131612269417383
0.0108000243431889
0.0159747790289111
0.0161148491920903
0.0118890981492586
0.0172295689326711
0.0143031850946136
0.0109244552440941
0.0101617640210316
0.0182915592822246
0.0106100048520602
0.0155751891061664
0.0164412911166437
0.0141895038471557
0.0158437662245706
0.0114282760862261
0.0168810983281583
0.0118965138448402
0.0104737171158195
0.01007078649709
0.0111004994506948
0.0103445129934698
0.0186942046973854
0.0167575768870302
0.0131608021538705
0.0165984471119009
0.019433480722364
0.0188416954013519
0.0135397967300378
0.0122814029804431
0.0188591271452606
0.0165555895678699
0.0116054418752901
0.0104637927771546
0.0119268164644018
0.0117553999344818
0.0135605450440198
0.0192433062451892
0.0136883124499582
0.0192215717583895
0.0166135495272465
0.0180474709579721
0.019338719684165
0.0170822723885067
0.0150184621987864
0.0156621640897356
0.0151108651049435
0.0148380337539129
0.0159887358313426
0.0196817518374883
0.0179407882550731
0.0154134288802743
0.0192748881527223
0.0170042603951879
0.0194542721193284
0.0158343578898348
0.0129586786078289
0.0152483396045864
0.0159797602286562
0.0166525596403517
0.0117015123204328
0.0187744942889549
0.0122164734848775
0.0103037363919429
0.0139145632088184
0.0181715180492029
0.0137996540451422
0.0121285971207544
0.0112190246023238
0.0109531789505854
0.0135500596696511
0.0117708675260656
0.016424024659209
0.0160286593041383
0.0175285946391523
0.0106499837571755
0.0150068536633626
0.0119786840793677
0.015263304670807
0.0158728177216835
0.0117254098830745
0.0147779568424448
0.0128425341332331
0.0100819856626913
0.0169873273512349
0.0118472794955596
0.0154612715099938
0.0158625817927532
0.0121557940775529
0.0178974307328463
0.0165228133578785
0.0124551236396655
0.0158849721262231
0.0137575126066804
0.0160565993306227
0.0117756315786392
0.0119517390104011
0.012393428911455
0.0190916628972627
0.016238449823577
0.0138654461898841
0.0147683085710742
0.0155398082337342
0.0145380672020838
0.0188078762963414
0.0145828939694911
0.0153300868440419
0.0141125276242383
0.010792718292214
0.0150493621220812
0.0100445651239716
0.0118418291234411
0.0194954269635491
0.0172982631553896
0.0141576143167913
0.0136452246760018
0.0172040368709713
0.0190864516375586
0.0101573001919314
0.0131809251639061
0.0172311210818589
0.019152839879971
0.013686561267823
0.0118117977748625
0.0188167451880872
0.0128240546979941
0.0169624641537666
0.0185204105265439
0.017161455147434
0.015618268752005
0.0183913383306935
0.0165338412532583
0.0134829512494616
0.0114228698867373
0.0123872606572695
0.0145791157777421
0.0127020807447843
0.0116102450224571
0.010596199517604
0.0178618007269688
0.0119382342160679
0.0175282307970338
0.0138567011756822
0.0159738109703176
0.0186240174504928
0.0100484513374977
0.0172078048228286
0.0111268886295147
0.0116172101092525
0.0165227261022665
0.0124980453518219
0.0149131715833209
0.0141722276806831
0.0121124179544859
0.0116610536142252
0.0194360867515206
0.0135604340420105
0.010737576878164
0.0141824138723314
0.010008576635737
0.0192193753481843
0.0194136873655953
0.010967698036693
0.018683933285065
0.0189172424189746
0.0180765623692423
0.0184675788856111
0.0165523920371197
0.0197532918211073
0.0181462298589759
0.0157257578196004
0.012140360462945
0.0183698149584234
0.016948413902428
0.0173467837180942
0.0145865198830143
0.0118089975928888
0.0157185903331265
0.0147257999004796
0.0168364518159069
0.0133619407820515
0.0121654316107742
0.0120281480182894
0.0161785805528052
0.0171928685787134
0.0156084775761701
0.0117073345393874
0.0116200781520456
0.0190769850392826
0.0162479076138698
0.0147329245554283
0.0102544958819635
0.0141735290666111
0.0111224970384501
0.0118385821999982
0.0141084301867522
0.010892120602075
0.0131455648061819
0.0190584822557867
0.0180944426194765
0.0136051910673268
0.015410671713762
0.0162013186886907
0.0182500067004003
0.0173486841935664
0.01225296234712
0.017692165793851
0.0190208788891323
0.0113597121182829
0.0176186823425815
0.0128391646174714
0.0192715678410605
0.0197141917515546
0.0137456345930696
0.0179742538160644
0.0141003055381589
0.0151282787322998
0.0196282324870117
0.0158053143951111
0.0181098930235021
0.0115144481463358
0.0172835875162855
0.0134428018378094
0.0118461424275301
0.0199048493406735
0.0156489372765645
0.0142537084594369
0.0110972126782872
0.0161519287759438
0.0104713753750548
0.0197281859698705
0.0159395855804905
0.0193445024103858
0.0177975780679844
0.0159551607538015
0.0103823546995409
0.0167854468245059
0.0196969674155116
0.0122333133034408
0.0142509211460128
0.0199718888662756
0.0166100878384896
0.0134036676795222
0.0154755381634459
0.0150495356018655
0.0165560308494605
0.0105765342665836
0.0179093022528104
0.0121340040676296
0.0147671238565817
0.0102598609309644
0.0169645754224621
0.0112490176456049
0.0101103681884706
0.0145487896376289
0.012173481718637
0.0140787122049369
0.0178026116010733
0.0164842631923966
0.0184092729026452
0.0198361461865716
0.0146241852617823
0.0142903799843043
0.0176447356375866
0.0109187708818354
0.0197004552301951
0.0129495303728618
0.0168459067353979
0.0116243540635332
0.0161023148382083
0.0115389736229554
0.0189110415056348
0.0175506426184438
0.0157704005506821
0.0136993578821421
0.0160561977047473
0.0101859290571883
0.0125247683003545
0.0116979287168942
0.0127455446962267
0.0182063545822166
0.0166975559084676
0.0159099432476796
0.0180910627427511
0.0183838734263554
0.0166641734424047
0.0155289392988198
0.0151477218186483
0.0175770474970341
0.0189060976938345
0.0119061068375595
0.0108586686244234
0.0103298950358294
0.0161151699884795
0.0132855314901099
0.0194341218844056
0.0171284532290883
0.018866636226885
0.014251842694357
0.0177668794849887
0.0195875649829395
0.0123008630587719
0.0119111727876589
0.0181110636959784
0.0126323365140706
0.0109154892480001
0.0135039066709578
0.0161239691218361
0.0192752949567512
0.0154907647962682
0.0186118428735062
0.0179339977819473
0.0109810210182331
0.010040214213077
0.0143631180468947
0.0195129030919634
0.0159733312274329
0.0139864968066104
0.0105902834492736
0.0142017652024515
0.011358070964925
0.010998490115162
0.0113889393233694
0.0132648461591452
0.0131361413514242
0.0196212499472313
0.0159845996880904
0.0164578238502145
0.0195961282611825
0.0145186676527373
0.0123461359576322
0.012273208682891
0.0149089159467258
0.0164845995698124
0.0127574084978551
0.0160260964022018
0.0172970711067319
0.0183782337373123
0.0136157309333794
0.0164938703458756
0.0142477873177268
0.0133404066204093
0.0116091433027759
0.0165760882338509
0.0166740224277601
0.0188668759632856
0.0110293096397072
0.0148339935601689
0.0113100239238702
0.013451739854645
0.0145785958622582
0.0102391264424659
0.0127844837401062
0.0128074251534417
0.0169406737969257
0.012321283177007
0.0150050364015624
0.0147154005942866
0.0186989655322395
0.0161927637318149
0.01327930129366
0.0159469955204986
0.019532761706505
0.015153214384336
0.0146591952606104
0.0103438477613963
0.0130258004344068
0.0144108315859921
0.0107680470123887
0.0144738484360278
0.0198199214413762
0.0146951189078391
0.0109040950308554
0.0150891230115667
0.0160932265012525
0.0131349239335395
0.0116620322968811
0.0120029029017314
0.0173685539280996
0.0199099979549646
0.0126909659779631
0.0192935487744398
0.0117587380995974
0.0170794449280947
0.015771760114003
0.0136375848785974
0.0163557272288017
0.0135769206448458
0.0197393742320128
0.016572550914716
0.0167895414517261
0.0165524572017603
0.0132248461199924
0.0143610879709013
0.014285574676469
0.0166070811334066
0.0113911463879049
0.0142349492618814
0.0158280315063894
0.0197020661225542
0.0191042616497725
0.013153785248287
0.0182403353392147
0.0123732249019667
0.0179880023212172
0.0145242660283111
0.0121252878359519
0.0169416640908457
0.019424361907877
0.0175856080069207
0.0134855702193454
0.0103961197985336
0.0192844090866856
0.0196321651851758
0.0102789015625604
0.0147231131768785
0.0167977873724885
0.0176259248470888
0.0180776788922958
0.0103596609318629
0.0135696773277596
0.0133759653777815
0.0182936587254517
0.0157282327162102
0.0157195928506553
0.0163527199742384
0.0117404992878437
0.0109579867590219
0.0150731057929806
0.0156703575351275
0.0175598939298652
0.0124725925386883
0.0192305408651009
0.0181131353811361
0.0168450143141672
0.0130830512754619
0.0147216773568653
0.0102235612901859
0.0177171671926044
0.0153095951885916
0.0134938894910738
0.0160034867026843
0.0180722845764831
0.0108909855177626
0.017092002176214
0.0147752514109015
0.0195757980085909
0.0166503039794043
0.0136882280674763
0.0179902612115257
0.0141804453241639
0.011086768344976
0.0107141071395017
0.0163011567806825
0.0130921306484379
0.0198591577052139
0.0145373017527163
0.0128813981125131
0.0159114263881929
0.0109095934242941
0.0156373409740627
0.011935788129922
0.0186424029502086
0.0114414941100404
0.019326976982411
0.0134259865479544
0.0131942745787092
0.0104724155040458
0.0124531198828481
0.0125867221853696
0.0147597374860197
0.0152634171280079
0.015289260672871
0.0104574687546119
0.0161418358469382
0.0101150943245739
0.0173705610143952
0.0181275759194978
0.0169678347697482
0.0190389732015319
0.0184625545865856
0.0193715080618858
0.0177070056716912
0.0175180391105823
0.0121649783290923
0.0173060305393301
0.0176385760027915
0.0149456062330864
0.0177131072012708
0.0176802507485263
0.0135690887202509
0.0137824539048597
0.0170421381760389
0.0122875211946666
0.0170470994873904
0.015714943583589
0.016055672923103
0.0173672358482145
0.0134919228381477
0.0145823098975234
0.0168776922556572
0.0173844311921857
0.012037997385487
0.01287821136415
0.0112388762575574
0.0193555989395827
0.0119520673342049
0.0132346411421895
0.0182045185216703
0.0177955498849042
0.01045056251809
0.0196454088925384
0.0129599005146883
0.0199360994296148
0.014498973947484
0.017406121015083
0.0140433619986288
0.0134731594054028
0.0195030277874321
0.0197254650457762
0.016988283728715
0.0197746560885571
0.0122335655591451
0.0121895668422803
0.0124907373823226
0.0117322616185993
0.0155260286852717
0.0145186295406893
0.0166513900924474
0.0187451089173555
0.013387958179228
0.0149917333060876
0.0170662016863935
0.0115928147523664
0.0169025437673554
0.0167116443347186
0.0177450682525523
0.0138672384200618
0.0175445559364744
0.0190402432112023
0.0153073984896764
0.0119868399389088
0.0190499966172501
0.0159559169388376
0.0184628713922575
0.0150589355989359
0.0114067073375918
0.0187572839483619
0.0106768320966512
0.013313957604114
0.01078145689331
0.0118714580219239
0.0182152911298908
0.0159674336761236
0.0156792398029938
0.01215872279834
0.0148026968096383
0.016296870005317
0.0174948274879716
0.0175237770448439
0.0118828017218038
0.0186729797301814
0.0181563343526795
0.0101676337956451
0.0154152042930946
0.0179314217483625
0.0151036914135329
0.018204901968129
0.0192055965401232
0.0130623125983402
0.0106134077114984
0.0100851888488978
0.0124886972876266
0.012792020640336
0.0139484596811235
0.0168788163503632
0.0151896374230273
0.0114923740318045
0.0159631150006317
0.0140366642479785
0.0174505146732554
0.0120675080642104
0.012965150445234
0.0107218561694026
0.0136731649539433
0.0160426026815549
0.013615544247441
0.0193824369204231
0.0180527859530412
0.0197294031525962
0.0124029144854285
0.0100611029285938
0.0197924562520348
0.0142361357039772
0.0117089516692795
0.0161206135107204
0.0117636435874738
0.0193839310412295
0.0184075612248853
0.0173162160487846
0.0159455233998597
0.017982009393163
0.011472557708621
0.0118086349545047
0.0144600518490188
0.0145885552279651
0.0146401927084662
0.0125462659657933
0.0153214840241708
0.0137167553277686
0.0144855957967229
0.0138687935075723
0.0130742985522375
0.0103981277206913
0.0137672687857412
0.0149913152027875
0.0128210697555915
0.012154886785429
0.0128630989440717
0.0129149466520175
0.0166504825581796
0.0142528494098224
0.0135480097541586
0.0117612155945972
0.0193497059470974
0.0106624117959291
0.0188345306599513
0.0112412026361562
0.0177009338629432
0.0141488472372293
0.0162494047358632
0.0124623661837541
0.0114068015804514
0.0105459540709853
0.0118248318275437
0.0194950438197702
0.0154558465746231
0.013494487372227
0.0189398026652634
0.0154331641807221
0.0180618075560778
0.0146695503266528
0.0199976620171219
0.0147323591285385
0.018857467493508
0.0106932226545177
0.0182897565653548
0.0131808075751178
0.0102035172749311
0.0189240845525637
0.0164084491296671
0.0135361585929058
0.0174954490899108
0.0147944373637438
0.0162273462116718
0.0157572541525587
0.0148467728123069
0.0130233468161896
0.0140620105783455
0.0192741740052588
0.0111599975265563
0.0150216254708357
0.017909755143337
0.0165499425306916
0.0199714479059912
0.017707034687046
0.011195215776097
0.0183001504186541
0.0131255368050188
0.0136512420955114
0.0133830281090923
0.0181458507059142
0.0119306016154587
0.0162765365070663
0.0101146057364531
0.0122160853003152
0.0168941707652994
0.0160052815149538
0.0167668545502238
0.0142220482649282
0.0139484009845182
0.012616417715326
0.0194205126259476
0.0147939668851905
0.013594058144372
0.0100359041709453
0.0136112205358222
0.0128266928065568
0.0172643889975734
0.0139635881711729
0.0157958856434561
0.0172454869817011
0.0172174230543897
0.0106181971938349
0.0121050553000532
0.0117610762664117
0.0139960697642528
0.0129672842402942
0.0199703869456425
0.0124994162051007
0.0138083865167573
0.0162228256999515
0.0126831502956338
0.0183420874737203
0.0116749674850143
0.0169826913857833
0.0177464449848048
0.0148127603088506
0.015775063179899
0.0100761985266581
0.01060885154875
0.0134202591027133
0.0174126084544696
0.0198464562790468
0.0190144761279225
0.017551997131668
0.0198243441293016
0.0144423548295163
0.0131193734705448
0.015272655535955
0.0104999194853008
0.0141389843262732
0.0122944751451723
0.0123973195347935
0.0115243221796118
0.0160062175872736
0.0144900664850138
0.0196830534399487
0.0139138420135714
0.0175680188741535
0.0126232317578979
0.0177232435159385
0.0189968580240384
0.0102765646390617
0.0168746469728649
0.0142874935735017
0.0148352628923021
0.0150105444574729
0.0180806198297068
0.0187550236843526
0.0138544533099048
0.0146859844122082
0.0156530196778476
0.0137669783062302
0.0148527866136283
0.0188212534040213
0.0141423846012913
0.0137893265020102
0.0146027525444515
0.0113037580135278
0.0152650646865368
0.0131613519741222
0.0130201892158948
0.0139558340213262
0.01095201729564
0.0146630257251672
0.0181612614635378
0.0146203129738569
0.0106009231461212
0.0119913880643435
0.01796176266158
0.0131580344261602
0.0152673327713273
0.0137634747033007
0.0110098972613923
0.0184155866899528
0.0187134776008315
0.0104076953581534
0.0197571879951283
0.0155303896823898
0.0122604267066345
0.0163335894327611
0.0190253889723681
0.0144523361744359
0.0198534526093863
0.0170263914042152
0.0174840201600455
0.0175657696579583
0.0183605954353698
0.0154606669582427
0.0142195167043246
0.0181825860845856
0.0112739188899286
0.0126161022367887
0.0182447484624572
0.0174399435496889
0.0144744743360206
0.0153028158796951
0.0104062881809659
0.0163774815923534
0.0147744298866019
0.0128607679973356
0.0159726881072856
0.0153990247217007
0.0154448847216554
0.0185830682702363
0.0196218009595759
0.0133294454985298
0.0162929528602399
0.0159437808184884
0.0124065544642508
0.0138009369769134
0.0164659119956195
0.0188348444877192
0.0117651246394962
0.0196733709913678
0.0129922576178797
0.0147763233631849
0.0179697577957995
0.0130471503618173
0.0170327024254948
0.0107384469755925
0.016644305922091
0.0161731456476264
0.0105251669930294
0.0179271277249791
0.0100774287898093
0.0165386973950081
0.0150328230881132
0.011788952993229
0.0106841368624009
0.0140556039731018
0.0190522633655928
0.0171039175614715
0.0118215995188802
0.0114202733198181
0.0198795706336387
0.0177606430486776
0.0181423842418008
0.0146152211772278
0.0183110950840637
0.0193612400302663
0.0181383935711347
0.013614830900915
0.0100260557117872
0.0119566434901208
0.0102148388698697
0.0123883334803395
0.0146689094766043
0.0150506532215513
0.01564104818739
0.01898847137345
0.0136978125106543
0.0196181965549476
0.0132736604847014
0.0121556497458369
0.0154262091219425
0.0112488639121875
0.0103581209410913
0.0170338600641117
0.0190509402286261
0.0150888446602039
0.0107840023678727
0.0109651206247509
0.0119512869184837
0.0174957211478613
0.0115950138517655
0.0176477664336562
0.0138181673851796
0.0127730235201307
0.0180095778848045
0.0129402897576801
0.0139661757578142
0.0192032686923631
0.0148972817044705
0.0102864458458498
0.0108063297439367
0.0153740909718908
0.0168698493298143
0.0171207429771312
0.0156333075417206
0.0176386560918763
0.0177389646554366
0.0192500943923369
0.0109315672330558
0.0110519431065768
0.0116067180782557
0.01150885802228
0.0192842743103392
0.0111975883156992
0.0160554167302325
0.0114470412256196
0.0100044859666377
0.0142930700071156
0.0151812325627543
0.0183231211919338
0.0185519928275608
0.0125538002233952
0.0156484253145754
0.0167239992343821
0.0194664089637809
0.0105063190404326
0.0152859259489924
0.0159942997270264
0.0196137966937385
0.0199230172834359
0.0133341983682476
0.0134696030640043
0.0165406825649552
0.0111515776929446
0.0134913513436913
0.0156322439131327
0.0198152440786362
0.0150392273138277
0.0103318321844563
0.0130067483405583
0.0156809770967811
0.0149111523781903
0.0167664472619072
0.0157554951938801
0.0102724175900221
0.0126996960723773
0.0127917792508379
0.0167702425364405
0.0104139802604914
0.0118009796063416
0.0173656444065273
0.0196978502674028
0.0188568857358769
0.0121363381436095
0.0179918286390603
0.0112886910350062
0.0144728343049064
0.0196042388188653
0.0127697037882172
0.0194125196407549
0.0103057788894512
0.0185061202617362
0.0133185941493139
0.0143077701400034
0.0170967596070841
0.0150043890625238
0.0162092162203044
0.0120776305603795
0.0158708595531061
0.0163983406173065
0.0199715346423909
0.013865517063532
0.0155145430495031
0.0134658500226215
0.0189434061665088
0.0167346636881121
0.0159383049770258
0.0109860481950454
0.0146032260218635
0.0171856716135517
0.0121183546655811
0.0104098656005226
0.0121047304780222
0.0198578451760113
0.0132029074756429
0.0100673462101258
0.0105711836949922
0.0137163880793378
0.0138744578929618
0.0148514062631875
0.0190887781092897
0.017982656636741
0.0178328588232398
0.0121660300949588
0.0179343039705418
0.0189162377943285
0.0164675966091454
0.0133157325885259
0.0198789117112756
0.0157081501418725
0.0172888041008264
0.0139023471437395
0.0123380640009418
0.0155607244442217
0.0125874075619504
0.0165382490796037
0.0161269279755652
0.0130079197441228
0.0166703966702335
0.010419042641297
0.018932469827123
0.0169665248482488
0.0179369265330024
0.01287707420066
0.0185302912024781
0.0174558050441556
0.0106066923844628
0.0181289473921061
0.0138254650821909
0.0124446742772125
0.0191748464037664
0.0179928873688914
0.0128074614005163
0.0183260211208835
0.0104427451919764
0.0118909826176241
0.0181723507051356
0.0126850142772309
0.0188400295120664
0.0170340239931829
0.0155908932420425
0.0199444589228369
0.0115675567276776
0.0160253336373717
0.0198107054806314
0.0156060169427656
0.0165673455246724
0.0139734536549076
0.0197554114973173
0.0104272996867076
0.0116029702872038
0.0184889520588331
0.0116229792684317
0.0132480544620194
0.0161499583162367
0.0143809607252479
0.0154146236670204
0.0152963938843459
0.0195939365820959
0.0136985592008568
0.0158822981268168
0.0110848124069162
0.0197762400959618
0.0164381086872891
0.0147146759275347
0.0167723928019404
0.0136389393080026
0.0147821546322666
0.0175544584915042
0.0146919638942927
0.0166108432342298
0.016616816141177
0.0175959402648732
0.0159402354015037
0.0159761196561158
0.0191555875586346
0.0173544534668326
0.0110191808850504
0.0176792596420273
0.0125742194708437
0.0182264139060862
0.0127582663903013
0.0174867218732834
0.0153979027434252
0.0112696465221234
0.0118595601734705
0.0135578325483948
0.0146295759966597
0.0110393957141787
0.0154191308491863
0.0101520072924905
0.0174968988145702
0.0116816537338309
0.0151019836752675
0.019474745222833
0.0136625460768118
0.0118403476080857
0.0130670255539007
0.0157171683572233
0.0119289389322512
0.018468006385956
0.0185701840138063
0.0187322219088674
0.0185595560912043
0.0178313540760428
0.0196273723221384
0.0189860299113207
0.0195316621824168
0.0172043785033748
0.0167213455936871
0.0115693249437027
0.0122642152872868
0.0199410357978195
0.0151998755149543
0.0105164627777413
0.0182316708634607
0.013570407810621
0.0157875333097763
0.0175333735928871
0.0150676340912469
0.0199239709670655
0.0194299616245553
0.0189143442362547
0.0184823786490597
0.0136542800883763
0.0166936252452433
0.0168955777445808
0.0121869430993684
0.0147918745107017
0.0126955045224167
0.017412838509772
0.0108292155526578
0.0167157348571345
0.01880267086206
0.0102032912266441
0.0168231524410658
0.0190952903660946
0.0134587312466465
0.0170058999420144
0.0139206484914757
0.0179476560256444
0.0186153102922253
0.0142871527560055
0.0166583295748569
0.0139790987828746
0.01260714746546
0.0104857848072425
0.0193190019531175
0.0172093288903125
0.0178953589336015
0.0176952015375718
0.0157963995519094
0.0112332858378068
0.0101385585102253
0.0183495281427167
0.0100145887560211
0.0137297978717834
0.0127199099608697
0.0122767398203723
0.0130168486433104
0.0144223549962044
0.0135165483341552
0.0160932253533974
0.0117742312885821
0.0113727892865427
0.0175301601970568
0.0199631349020638
0.0142790283565409
0.0158914284291677
0.0141658908408135
0.0168655731691979
0.0176180113968439
0.0145497923321091
0.0118886160594411
0.0126044007227756
0.0170205305679701
0.0121772579825483
0.0183173431851901
0.0122578428825364
0.0138731105765328
0.0135713066509925
0.0152035540807992
0.0129296850971878
0.0146587118622847
0.0154370885482058
0.0143609075061977
0.0199178146780469
0.0110435002390295
0.0134499795897864
0.0168966781836934
0.0135820248257369
0.0191597398906015
0.0182619519601576
0.0156281276792288
0.0153199592698365
0.0102523741708137
0.0136060588248074
0.0160196275706403
0.0176603843830526
0.0192312383349054
0.0109358645509928
0.0176627853489481
0.0114257108350284
0.0187272355821915
0.0190143668791279
0.0123773934529163
0.0132367122452706
0.0127230505901389
0.0118268583947793
0.0118734102323651
0.0154183277511038
0.0191002364293672
0.0193697882676497
0.0140325781074353
0.0161429029330611
0.0118157612346113
0.0120703688194044
0.0182316011330113
0.0167737724818289
0.0128344718413427
0.0108104716637172
0.0126179027184844
0.0157330014742911
0.0142358628148213
0.0188612213497981
0.0110887848003767
0.0182143182703294
0.0113238538987935
0.0177399302041158
0.0160348719148897
0.0136262972303666
0.0155341312591918
0.013078066103626
0.0133239154983312
0.0173394264420494
0.0120271700434387
0.011244924699422
0.0167239207774401
0.014710361729376
0.011341151422821
0.0151348649058491
0.0181850961153395
0.0140770751843229
0.0190787276462652
0.0120475528435782
0.0188036820548587
0.0148100151284598
0.0140399229689501
0.0124595251376741
0.0159482847200707
0.0160932894051075
0.0184517513751052
0.0159676033211872
0.0126315637491643
0.0145950354891829
0.0182228796347044
0.0123769368580543
0.0139699787483551
0.0108943944936618
0.0184396866988391
0.0148779410938732
0.0105793520109728
0.0153078123182058
0.019691644818522
0.0121857111365534
0.0180988725204952
0.0115430199354887
0.0158820448745973
0.0194509491929784
0.0132016823859885
0.0143203690508381
0.013793886967469
0.015333427505102
0.0190446269512177
0.0117553170071915
0.0174410140351392
0.0147315926337615
0.011320280265063
0.0100293868780136
0.0133599456353113
0.0140346665703692
0.0145350393070839
0.0178673852654174
0.0133474755566567
0.0129350117594004
0.0106624075211585
0.0108976224740036
0.0120362224103883
0.0158941957517527
0.0121440575132146
0.0184779446711764
